#Data from https://arxiv.org/abs/2304.14992 ancillary materials
0.0125, 1.8286319971084595
0.037500000000000006, 3.8454630374908447
0.06250000000000001, 1.5364630222320557
0.08750000000000001, 1.7199840545654297
0.11250000000000002, 2.3122661113739014
0.13750000000000004, 2.999500036239624
0.16250000000000003, 3.189692974090576
0.18750000000000006, 3.4920430183410645
0.21250000000000005, 4.010580062866211
0.23750000000000004, 3.385335922241211
0.26250000000000007, 3.145977020263672
0.2875000000000001, 3.0484750270843506
0.31250000000000006, 2.9841389656066895
0.3375000000000001, 3.0057220458984375
0.3625000000000001, 2.814074993133545
0.38750000000000007, 2.9028639793395996
0.4125000000000001, 2.9210638999938965
0.4375000000000001, 2.9539530277252197
0.4625000000000001, 2.9660251140594482
0.4875000000000001, 3.0598700046539307
0.5125000000000001, 2.9493610858917236
0.5375000000000001, 2.903930902481079
0.5625000000000001, 2.8775010108947754
0.5875, 2.7154340744018555
0.6125, 2.6758739948272705
0.6375000000000001, 2.721195936203003
0.6625000000000001, 2.7104170322418213
0.6875000000000001, 2.7228128910064697
0.7125000000000001, 2.754812002182007
0.7375, 2.77457594871521
0.7625000000000001, 2.748749017715454
0.7875000000000001, 2.75974702835083
0.8125000000000001, 2.752448081970215
0.8375000000000001, 2.7669200897216797
0.8625000000000002, 2.771683931350708
0.8875000000000002, 2.755129098892212
0.9125000000000001, 2.711677074432373
0.9375000000000001, 2.590027093887329
0.9625000000000001, 2.5696449279785156
0.9875000000000002, 2.548508882522583
1.0125000000000002, 2.466602087020874
1.0375, 2.3790171146392822
1.0625000000000002, 2.36606502532959
1.0875000000000001, 2.3436899185180664
1.1125000000000003, 2.2971949577331543
1.1375000000000002, 2.2572999000549316
1.1625, 2.2346549034118652
1.1875000000000002, 2.2005910873413086
1.2125000000000001, 2.091464042663574
1.2375000000000003, 2.0297091007232666
1.2625000000000002, 1.9756640195846558
1.2875000000000003, 1.9262919425964355
1.3125000000000002, 1.8719919919967651
1.3375000000000001, 1.8508729934692383
1.3625000000000003, 1.8122600317001343
1.3875000000000002, 1.7937660217285156
1.4125000000000003, 1.7745389938354492
1.4375000000000002, 1.7585389614105225
1.4625000000000001, 1.7418979406356812
1.4875000000000003, 1.720715045928955
1.5125000000000002, 1.69467294216156
1.5375000000000003, 1.676015019416809
1.5625000000000002, 1.6563470363616943
1.5875000000000004, 1.640537977218628
1.6125000000000003, 1.6245510578155518
1.6375000000000002, 1.6058640480041504
1.6625000000000003, 1.5812989473342896
1.6875000000000002, 1.561048984527588
1.7125000000000004, 1.5447800159454346
1.7375000000000003, 1.5259690284729004
1.7625000000000004, 1.5024880170822144
1.7875000000000003, 1.4663139581680298
1.8125000000000002, 1.4390590190887451
1.8375000000000004, 1.4208550453186035
1.8625000000000003, 1.4042999744415283
1.8875000000000004, 1.3893810510635376
1.9125000000000003, 1.3717000484466553
1.9375000000000002, 1.334205985069275
1.9625000000000004, 1.3157249689102173
1.9875000000000003, 1.2871320247650146
2.0125000000000006, 1.2698320150375366
2.0375000000000005, 1.2547119855880737
2.0625000000000004, 1.2398970127105713
2.087500000000001, 1.2123329639434814
2.1125000000000007, 1.1911640167236328
2.1375000000000006, 1.1712640523910522
2.1625000000000005, 1.1513270139694214
2.1875000000000004, 1.1335680484771729
2.212500000000001, 1.1146910190582275
2.2375000000000007, 1.0965549945831299
2.2625000000000006, 1.072430968284607
2.2875000000000005, 1.0483609437942505
2.3125000000000004, 1.0273950099945068
2.337500000000001, 1.0052950382232666
2.3625000000000007, 0.9903191924095154
2.3875000000000006, 0.9780761003494263
2.4125000000000005, 0.9660996794700623
2.4375000000000004, 0.9537234902381897
2.462500000000001, 0.9403018951416016
2.4875000000000007, 0.9248505234718323
2.5125000000000006, 0.9018366932868958
2.5375000000000005, 0.8890969157218933
2.562500000000001, 0.8757812976837158
2.587500000000001, 0.8640908002853394
2.6125000000000007, 0.8504726886749268
2.6375000000000006, 0.833676815032959
2.6625000000000005, 0.8177617788314819
2.687500000000001, 0.804572582244873
2.712500000000001, 0.7932847738265991
2.7375000000000007, 0.7812548279762268
2.7625000000000006, 0.7684171199798584
2.7875000000000005, 0.757047712802887
2.812500000000001, 0.7470440864562988
2.837500000000001, 0.7356839776039124
2.8625000000000007, 0.7256066203117371
2.8875000000000006, 0.7144098877906799
2.9125000000000005, 0.6986488103866577
2.937500000000001, 0.6818416118621826
2.962500000000001, 0.6707795262336731
2.9875000000000007, 0.6591687798500061
3.0125000000000006, 0.6362664103507996
3.037500000000001, 0.6259902715682983
3.062500000000001, 0.6165937185287476
3.087500000000001, 0.6081210970878601
3.1125000000000007, 0.5992625951766968
3.1375000000000006, 0.5906915068626404
3.162500000000001, 0.5795356035232544
3.187500000000001, 0.5688745975494385
3.212500000000001, 0.5593352913856506
3.2375000000000007, 0.5481206774711609
3.2625000000000006, 0.5388706922531128
3.287500000000001, 0.5301789045333862
3.312500000000001, 0.5211929082870483
3.337500000000001, 0.5120490193367004
3.3625000000000007, 0.5031139850616455
3.3875000000000006, 0.49298930168151855
3.412500000000001, 0.4812234938144684
3.437500000000001, 0.4684337079524994
3.462500000000001, 0.45939868688583374
3.4875000000000007, 0.44978371262550354
3.512500000000001, 0.43923071026802063
3.537500000000001, 0.43043920397758484
3.562500000000001, 0.41919371485710144
3.587500000000001, 0.4119656980037689
3.6125000000000007, 0.40464240312576294
3.637500000000001, 0.39544230699539185
3.662500000000001, 0.3835088908672333
3.687500000000001, 0.3764685094356537
3.712500000000001, 0.3677392899990082
3.7375000000000007, 0.36124658584594727
3.762500000000001, 0.3547267019748688
3.787500000000001, 0.3477613925933838
3.812500000000001, 0.341113805770874
3.837500000000001, 0.33515191078186035
3.8625000000000007, 0.32766568660736084
3.887500000000001, 0.32172301411628723
3.912500000000001, 0.3158707022666931
3.937500000000001, 0.3100675046443939
3.962500000000001, 0.30410629510879517
3.987500000000001, 0.2940571904182434
4.012500000000001, 0.28530409932136536
4.0375000000000005, 0.2795707881450653
4.062500000000001, 0.2733350098133087
4.087500000000001, 0.26750069856643677
4.112500000000001, 0.2616834044456482
4.137500000000001, 0.2566804885864258
4.162500000000001, 0.2516281008720398
4.187500000000001, 0.24623380601406097
4.212500000000001, 0.2401639074087143
4.237500000000001, 0.2339407056570053
4.262500000000001, 0.22808299958705902
4.287500000000001, 0.2235703021287918
4.312500000000001, 0.21889129281044006
4.337500000000001, 0.2128957062959671
4.362500000000001, 0.20822960138320923
4.387500000000001, 0.20387819409370422
4.412500000000001, 0.19953179359436035
4.437500000000001, 0.19525590538978577
4.462500000000001, 0.18925519287586212
4.487500000000001, 0.183297798037529
4.512500000000001, 0.17712299525737762
4.537500000000001, 0.1708264946937561
4.562500000000001, 0.16576479375362396
4.587500000000001, 0.16170230507850647
4.612500000000001, 0.15666140615940094
4.637500000000001, 0.15252700448036194
4.662500000000001, 0.14896570146083832
4.687500000000001, 0.1458369940519333
4.712500000000001, 0.1427638977766037
4.737500000000001, 0.13940800726413727
4.762500000000001, 0.1363344043493271
4.787500000000001, 0.1328973025083542
4.812500000000001, 0.129953995347023
4.837500000000001, 0.12703560292720795
4.862500000000001, 0.12437739968299866
4.887500000000001, 0.12156269699335098
4.912500000000001, 0.11863119900226593
4.937500000000001, 0.11540240049362183
4.962500000000001, 0.112848199903965
4.987500000000001, 0.11041100323200226
5.012500000000001, 0.10802970081567764
5.037500000000001, 0.10575349628925323
5.062500000000001, 0.10338030010461807
5.087500000000001, 0.10096479952335358
5.112500000000002, 0.09844906628131866
5.137500000000001, 0.09602206200361252
5.162500000000001, 0.09365899115800858
5.187500000000001, 0.09083946794271469
5.212500000000001, 0.08780892938375473
5.237500000000002, 0.08554735034704208
5.262500000000001, 0.08298052102327347
5.287500000000001, 0.08074501901865005
5.312500000000001, 0.07854706048965454
5.337500000000001, 0.07643889635801315
5.362500000000002, 0.07423446327447891
5.387500000000001, 0.07218226045370102
5.412500000000001, 0.07026664167642593
5.437500000000001, 0.06862788647413254
5.462500000000001, 0.06688783317804337
5.487500000000002, 0.06531491130590439
5.512500000000001, 0.06323514878749847
5.537500000000001, 0.061646681278944016
5.562500000000001, 0.05988707020878792
5.587500000000001, 0.05827812850475311
5.612500000000002, 0.056431639939546585
5.637500000000001, 0.05460856854915619
5.662500000000001, 0.05326941981911659
5.687500000000001, 0.05200672149658203
5.712500000000001, 0.05046290159225464
5.737500000000002, 0.048540689051151276
5.762500000000001, 0.047267310321331024
5.787500000000001, 0.045952748507261276
5.812500000000001, 0.044649671763181686
5.837500000000001, 0.043462421745061874
5.862500000000002, 0.042230311781167984
5.887500000000001, 0.04109758138656616
5.912500000000001, 0.03988898918032646
5.937500000000001, 0.03820202127099037
5.962500000000001, 0.03719206899404526
5.987500000000002, 0.03628353029489517
6.012500000000001, 0.03524119034409523
6.037500000000001, 0.033864110708236694
6.062500000000002, 0.03264860063791275
6.087500000000001, 0.03168432042002678
6.112500000000002, 0.03069373033940792
6.137500000000001, 0.029926849529147148
6.162500000000001, 0.029147909954190254
6.187500000000002, 0.028410429134964943
6.212500000000001, 0.027528120204806328
6.237500000000002, 0.026322530582547188
6.262500000000001, 0.025619590654969215
6.287500000000001, 0.024898290634155273
6.312500000000002, 0.024232640862464905
6.337500000000001, 0.023571450263261795
6.362500000000002, 0.02292178012430668
6.387500000000001, 0.022179819643497467
6.412500000000001, 0.021008359268307686
6.437500000000002, 0.020487289875745773
6.462500000000001, 0.019925430417060852
6.487500000000002, 0.019355490803718567
6.512500000000001, 0.018837129697203636
6.537500000000001, 0.018344709649682045
6.562500000000002, 0.01784740947186947
6.587500000000001, 0.017291810363531113
6.612500000000002, 0.016774309799075127
6.637500000000001, 0.016303839161992073
6.662500000000001, 0.015813909471035004
6.687500000000002, 0.015329429879784584
6.712500000000001, 0.014823280274868011
6.737500000000002, 0.014374149963259697
6.762500000000001, 0.013904949650168419
6.787500000000001, 0.01343564037233591
6.812500000000002, 0.012958190403878689
6.837500000000001, 0.012286240234971046
6.862500000000002, 0.011874640360474586
6.887500000000002, 0.011494980193674564
6.912500000000001, 0.011114750057458878
6.937500000000002, 0.01064085029065609
6.962500000000001, 0.010150999762117863
6.987500000000002, 0.009761054068803787
7.012500000000002, 0.009419526904821396
7.037500000000001, 0.00904618576169014
7.062500000000002, 0.008718319237232208
7.087500000000001, 0.008401359431445599
7.112500000000002, 0.007466123905032873
7.137500000000002, 0.007123174145817757
7.162500000000001, 0.006888445001095533
7.187500000000002, 0.006656622979789972
7.212500000000001, 0.006398054771125317
7.237500000000002, 0.006042839959263802
7.262500000000002, 0.005836473777890205
7.287500000000001, 0.005634144879877567
7.312500000000002, 0.0054402900859713554
7.337500000000001, 0.005065590143203735
7.362500000000002, 0.004862381145358086
7.387500000000002, 0.004614674020558596
7.412500000000001, 0.004357599187642336
7.437500000000002, 0.004215132910758257
7.462500000000001, 0.004061011131852865
7.487500000000002, 0.003881654003635049
7.512500000000002, 0.003635212080553174
7.537500000000001, 0.0035151010379195213
7.562500000000002, 0.0034077230375260115
7.587500000000001, 0.003302379045635462
7.612500000000002, 0.003196425037458539
7.637500000000002, 0.0030833149794489145
7.662500000000001, 0.0029766210354864597
7.687500000000002, 0.0028795250691473484
7.712500000000001, 0.0027881800197064877
7.737500000000002, 0.00269344006665051
7.762500000000002, 0.0026013399474322796
7.787500000000001, 0.0025056819431483746
7.812500000000002, 0.002405236940830946
7.837500000000002, 0.002313941018655896
7.862500000000002, 0.002222594106569886
7.887500000000002, 0.002117749070748687
7.912500000000001, 0.002039517043158412
7.937500000000002, 0.0019664219580590725
7.962500000000002, 0.0018938849680125713
7.987500000000002, 0.0018140759784728289
8.012500000000001, 0.001722801011055708
8.037500000000001, 0.0016533409943804145
8.0625, 0.001589974039234221
8.0875, 0.001469812006689608
8.1125, 0.0012092479737475514
8.137500000000001, 0.001156419049948454
8.162500000000001, 0.0011133450316265225
8.1875, 0.0010653099743649364
8.2125, 0.0010197509545832872
8.2375, 0.0009706245036795735
8.262500000000001, 0.0009367106831632555
8.287500000000001, 0.0009055429836735129
8.312500000000002, 0.0008730068220756948
8.3375, 0.0008379488135688007
8.3625, 0.0008066570735536516
8.387500000000001, 0.0007737440173514187
8.412500000000001, 0.0007451585261151195
8.437500000000002, 0.0006990323890931904
8.4625, 0.000664771709125489
8.4875, 0.0006398786208592355
8.512500000000001, 0.0006155217997729778
8.537500000000001, 0.0005893937777727842
8.562500000000002, 0.0005597774288617074
8.5875, 0.000537671206984669
8.6125, 0.0005161272129043937
8.637500000000001, 0.00048594200052320957
8.662500000000001, 0.00046311249025166035
8.687500000000002, 0.0004372101975604892
8.7125, 0.00040111420094035566
8.7375, 0.000381610996555537
8.762500000000001, 0.00036414709757082164
8.787500000000001, 0.0003465760964900255
8.812500000000002, 0.00032059260411188006
8.8375, 0.00030311860609799623
8.8625, 0.0002841817040462047
8.887500000000001, 0.0002676027943380177
8.912500000000001, 0.0002539294073358178
8.937500000000002, 0.00024369120365008712
8.9625, 0.00023396020696964115
8.9875, 0.00020753010176122189
9.012500000000001, 0.00019301270367577672
9.037500000000001, 0.0001855018053902313
9.062500000000002, 0.00017727039812598377
9.0875, 0.00016906279779504985
9.1125, 0.00016006249643396586
9.137500000000001, 0.00015394309593830258
9.162500000000001, 0.00014813720190431923
9.187500000000002, 0.00014355219900608063
9.2125, 0.00013952050358057022
9.2375, 0.00013502959336619824
9.262500000000001, 0.0001301770971622318
9.287500000000001, 0.0001258945994777605
9.312500000000002, 0.00012224620149936527
9.3375, 0.00011878729856107384
9.3625, 0.00011517349776113406
9.387500000000001, 0.000110491098894272
9.412500000000001, 0.00010711629875004292
9.437500000000002, 0.00010369530355092138
9.4625, 0.0001004603982437402
9.4875, 9.61413315963e-05
9.512500000000001, 9.34496201807633e-05
9.537500000000001, 8.982644067145884e-05
9.562500000000002, 8.51886798045598e-05
9.5875, 8.289420657092705e-05
9.6125, 8.058080857153982e-05
9.637500000000001, 7.831508264644071e-05
9.662500000000001, 7.606328290421516e-05
9.687500000000002, 7.370176172116771e-05
9.7125, 7.157566142268479e-05
9.7375, 6.883528112666681e-05
9.762500000000001, 6.65381012368016e-05
9.787500000000001, 6.456596020143479e-05
9.812500000000002, 6.274470069911331e-05
9.8375, 6.0964688600506634e-05
9.8625, 5.9228110330877826e-05
9.887500000000001, 5.749299089075066e-05
9.912500000000001, 5.568284905166365e-05
9.937500000000002, 5.390106889535673e-05
9.9625, 5.228813097346574e-05
9.9875, 5.0608690798981115e-05
10.012500000000001, 4.898348925053142e-05
10.037500000000001, 4.715905015473254e-05
10.062500000000002, 4.545241972664371e-05
10.087500000000002, 4.384683052194305e-05
10.1125, 4.227193130645901e-05
10.137500000000001, 4.096659176866524e-05
10.162500000000001, 3.9687940443400294e-05
10.187500000000002, 3.8362359191523865e-05
10.212500000000002, 3.701691821333952e-05
10.2375, 3.5552209737943485e-05
10.262500000000001, 3.4264368878211826e-05
10.287500000000001, 3.28972382703796e-05
10.312500000000002, 3.18346792482771e-05
10.337500000000002, 3.0752140446566045e-05
10.3625, 2.9586359232780524e-05
10.387500000000001, 2.8564150852616876e-05
10.412500000000001, 2.7226840757066384e-05
10.437500000000002, 2.498895082680974e-05
10.462500000000002, 2.4204589863074943e-05
10.4875, 2.32821093959501e-05
10.512500000000001, 2.251992918900214e-05
10.537500000000001, 2.1777839720016345e-05
10.562500000000002, 2.1086039851070382e-05
10.587500000000002, 2.045682049356401e-05
10.6125, 1.9664350475068204e-05
10.637500000000001, 1.8553340851212852e-05
10.662500000000001, 1.7924969142768532e-05
10.687500000000002, 1.739766048558522e-05
10.712500000000002, 1.677269938227255e-05
10.7375, 1.615073961147573e-05
10.762500000000001, 1.5678089766879566e-05
10.787500000000001, 1.521875037724385e-05
10.812500000000002, 1.477070964028826e-05
10.837500000000002, 1.432207955076592e-05
10.8625, 1.3893150025978684e-05
10.887500000000001, 1.334746957581956e-05
10.912500000000001, 1.2808909559680615e-05
10.937500000000002, 1.2429610251274426e-05
10.962500000000002, 1.1696690307871904e-05
10.9875, 1.1327590073051397e-05
11.012500000000001, 1.0833169653778896e-05
11.037500000000001, 1.0395719982625451e-05
11.062500000000002, 1.0074460078612901e-05
11.087500000000002, 9.600647899787873e-06
11.1125, 9.285357918997761e-06
11.137500000000001, 9.004944331536535e-06
11.162500000000001, 8.716596312297042e-06
11.187500000000002, 8.468868145428132e-06
11.212500000000002, 8.22563742985949e-06
11.2375, 7.971180821186863e-06
11.262500000000001, 7.729137905698735e-06
11.287500000000001, 7.49686887502321e-06
11.312500000000002, 7.252671821333934e-06
11.337500000000002, 7.020415068836883e-06
11.3625, 6.800155006203568e-06
11.387500000000001, 6.582058176718419e-06
11.412500000000001, 6.364944056258537e-06
11.437500000000002, 6.15217777522048e-06
11.462500000000002, 5.924725883232895e-06
11.4875, 5.712774964194978e-06
11.512500000000001, 5.499821781995706e-06
11.537500000000001, 5.295205937727587e-06
11.562500000000002, 5.061415777163347e-06
11.587500000000002, 4.8623901420796756e-06
11.6125, 4.678002824221039e-06
11.637500000000001, 4.4863509174319915e-06
11.662500000000001, 4.310539225116372e-06
11.687500000000002, 4.134526989219012e-06
11.712500000000002, 3.93935897591291e-06
11.7375, 3.7392289868876105e-06
11.762500000000001, 3.5261509765405208e-06
11.787500000000001, 3.1832519198360387e-06
11.812500000000002, 3.0538330975105055e-06
11.837500000000002, 2.9262780572025804e-06
11.8625, 2.8007600576529512e-06
11.887500000000001, 2.689579105208395e-06
11.912500000000001, 2.580995897005778e-06
11.937500000000002, 2.4784799279586878e-06
11.962500000000002, 2.378069893893553e-06
11.987500000000002, 2.268840944452677e-06
12.012500000000001, 2.160097892556223e-06
12.037500000000001, 2.0507179669948528e-06
12.062500000000002, 1.9638439425762044e-06
12.087500000000002, 1.8777890318233403e-06
12.112500000000002, 1.7906689890878624e-06
12.137500000000001, 1.708339027572947e-06
12.162500000000001, 1.6274609606625745e-06
12.187500000000002, 1.5044299743749434e-06
12.212500000000002, 1.4220380535334698e-06
12.237500000000002, 1.3432220384856919e-06
12.262500000000001, 1.2685500223597046e-06
12.287500000000001, 1.193433035950875e-06
12.312500000000002, 1.1196019613635144e-06
12.337500000000002, 1.049171032718732e-06
12.362500000000002, 9.892073649098165e-07
12.387500000000001, 9.272260967918555e-07
12.412500000000001, 8.667458928357519e-07
12.437500000000002, 8.113207741189399e-07
12.462500000000002, 7.575837912554562e-07
12.487500000000002, 7.045168217700848e-07