    0.826681852340698242E-01    0.851076016752458031E+00    0.522798826877859599E-01   -0.313109531341662796E+04   -0.460515351937698814E+01    1
    0.187337398529052734E+00    0.773502862958849846E+00    0.200552161924655858E-01   -0.261192500311121648E+04   -0.461515351937698259E+01    1
    0.330381095409393311E+00    0.641431412847957461E+00    0.212796828137345739E-01   -0.161004189051234198E+04   -0.462515351937698149E+01    1
    0.884976387023925781E-01    0.147001591982188984E+00    0.679995654718974718E+00   -0.152663685061500973E+04   -0.463515351937698661E+01    1
    0.257263123989105225E+00    0.624389916965409242E+00    0.686922701671194465E-02   -0.151281427982901414E+04   -0.464515351937698728E+01    1
    0.246214270591735840E+00    0.596255301423084916E+00    0.411579446447893956E-02   -0.132926462421718611E+04   -0.465515351937698174E+01    1
    0.307141661643981934E+00    0.851838474746671181E-01    0.482253097670049147E+00   -0.121867066203258969E+04   -0.466515351937698153E+01    1
    0.369860112667083740E+00    0.690015514096629090E-01    0.435255660035845315E+00   -0.115948710771739593E+04   -0.467515351937698398E+01    1
    0.119488537311553955E+00    0.675743041851966098E-01    0.407343479672167330E+00   -0.108982293075464190E+04   -0.468515351937698377E+01    1
    0.372982025146484375E-02    0.161037634761100890E+00    0.550333697232038177E+00   -0.970975403990562882E+03   -0.469515351937698444E+01    1
    0.284718751907348633E+00    0.556596502667616733E+00    0.493470762398847893E-01   -0.970089322792910252E+03   -0.470515351937698423E+01    1
    0.403390228748321533E+00    0.332612155081903893E-01    0.302381242841816444E+00   -0.948664208375344856E+03   -0.471515351937698135E+01    1
    0.443105816841125488E+00    0.520797800597378568E+00    0.244269985400148411E-02   -0.940448770205017354E+03   -0.472515351937698025E+01    1
    0.350700378417968750E+00    0.544424589124901104E+00    0.541520762248404661E-01   -0.907800122075349691E+03   -0.473515351937698448E+01    1
    0.428900480270385742E+00    0.510122589237624879E+00    0.301845912775976514E-04   -0.884875209707339877E+03   -0.474515351937698782E+01    1
    0.220285952091217041E+00    0.563206924224822103E+00    0.124543909718936266E+00   -0.794740425424688965E+03   -0.475515351937698494E+01    1
    0.107577621936798096E+00    0.123307439647408756E+00    0.407432579304833786E+00   -0.761283733074840256E+03   -0.476515351937698117E+01    1
    0.901722908020019531E-02    0.159854266388194333E+00    0.475536656834325500E+00   -0.758780052332142645E+03   -0.477515351937698451E+01    1
    0.326785683631896973E+00    0.538808128397512576E+00    0.130181512268187666E+00   -0.685920801643023196E+03   -0.478515351937698341E+01    1
    0.202262997627258301E+00    0.575013096782733157E+00    0.204866595534223844E+00   -0.658446047647077194E+03   -0.479515351937697876E+01    1
    0.236973762512207031E-01    0.626115056840319539E+00    0.314831831296009834E+00   -0.610823708236365292E+03   -0.480515351937698032E+01    1
    0.624460995197296143E+00    0.404493300380615040E-01    0.192189859342735331E+00   -0.589576763390948713E+03   -0.481515351937698277E+01    1
    0.439625203609466553E+00    0.468623280767197059E+00    0.406377308402972592E-01   -0.589096305725540219E+03   -0.482515351937698345E+01    1
    0.360538363456726074E+00    0.170793403669392774E+00    0.435915988661391973E+00   -0.578877300305812923E+03   -0.483515351937698323E+01    1
    0.455382287502288818E+00    0.769760172225488759E-01    0.252738671583058905E+00   -0.573996166848471034E+03   -0.484515351937698480E+01    1
    0.887923896312713623E+00    0.170535588130960036E-02    0.105220315178669241E+00   -0.545616279877300940E+03   -0.485515351937698814E+01    1
    0.377409994602203369E+00    0.166481251797428342E+00    0.399876463608941912E+00   -0.514021631893492099E+03   -0.486515351937698437E+01    1
    0.406961560249328613E+00    0.113958484800292581E+00    0.288168522561723539E+00   -0.493117918943211976E+03   -0.487515351937698149E+01    1
    0.353291928768157959E+00    0.427280346024314639E+00    0.703914870459094576E-02   -0.471395116509285856E+03   -0.488515351937698572E+01    1
    0.348264098167419434E+00    0.129457083042510135E+00    0.292530742214691497E+00   -0.442071698453067143E+03   -0.489515351937698817E+01    1
    0.918733119964599609E+00    0.973714073771247968E-02    0.708247218967076181E-01   -0.432888912892481414E+03   -0.490515351937698973E+01    1
    0.225583612918853760E+00    0.414911882640787155E-01    0.935377789957739653E-01   -0.399865446200329416E+03   -0.491515351937698775E+01    1
    0.768798649311065674E+00    0.328191721388293445E-01    0.939458005159440751E-01   -0.397458357777787455E+03   -0.492515351937698220E+01    1
    0.391961812973022461E+00    0.280339070859838557E-01    0.691308700154236733E-01   -0.393212123471026075E+03   -0.493515351937698199E+01    1
    0.539597570896148682E+00    0.402585662449205017E+00    0.209335492297877401E-01   -0.382762335180539196E+03   -0.494515351937698799E+01    1
    0.862023830413818359E+00    0.320727756027849864E-02    0.272583102483550631E-01   -0.376249801666400629E+03   -0.495515351937699045E+01    1
    0.602008998394012451E+00    0.388029256387984134E+00    0.637195538684047491E-02   -0.365890255289211893E+03   -0.496515351937698846E+01    1
    0.124634206295013428E+00    0.471102948531179067E+00    0.147283079882059936E+00   -0.347770727129913837E+03   -0.497515351937698824E+01    1
    0.117233395576477051E+00    0.441015562069516420E+00    0.860646969426920733E-01   -0.346736430188877932E+03   -0.498515351937698359E+01    1
    0.674283623695373535E+00    0.110590128908327756E-01    0.190628668498697453E-01   -0.344158358127595648E+03   -0.499515351937698426E+01    1
    0.163291037082672119E+00    0.494146111543376065E+00    0.205163430454886941E+00   -0.334931278103238753E+03   -0.500515351937698583E+01    1
    0.218668818473815918E+00    0.449459015575371268E+00    0.125994515044475647E+00   -0.323291719249504752E+03   -0.501515351937698384E+01    1
    0.636657893657684326E+00    0.109492623080278406E+00    0.199520008124505682E+00   -0.322089287730149181E+03   -0.502515351937698451E+01    1
    0.929050445556640625E+00    0.657977705054690887E-02    0.665043234005545641E-02   -0.321587369413161355E+03   -0.503515351937698608E+01    1
    0.919642746448516846E+00    0.168617062512943505E-01    0.252802353648924095E-01   -0.319374485543932224E+03   -0.504515351937698409E+01    1
    0.994687914848327637E+00    0.377518923486519498E-02    0.485245759377971237E-03   -0.317145273201750399E+03   -0.505515351937698298E+01    1
    0.778226912021636963E+00    0.209004928228395670E-01    0.260634493892215671E-01   -0.315670592635598155E+03   -0.506515351937698455E+01    1
    0.957283139228820801E+00    0.672990040815335533E-02    0.147416367483930457E-02   -0.310571408703492921E+03   -0.507515351937697989E+01    1
    0.314178109169006348E+00    0.105632911664208962E+00    0.170374586687755958E+00   -0.305728195211238585E+03   -0.508515351937698501E+01    1
    0.987504184246063232E+00    0.894870324458452160E-02    0.333885716830224300E-02   -0.304611154682871415E+03   -0.509515351937699013E+01    1
    0.933235347270965576E+00    0.141766828156697500E-01    0.106776747549447749E-01   -0.302924197918269329E+03   -0.510515351937699080E+01    1
    0.984660863876342773E+00    0.865579955355144648E-02    0.142464736555035710E-04   -0.300100178253846821E+03   -0.511515351937698348E+01    1
    0.200790286064147949E+00    0.486566157443874658E+00    0.228018313495123914E+00   -0.280907106751877961E+03   -0.512515351937698238E+01    1
    0.557315945625305176E+00    0.360179885857611737E+00    0.768610583323102187E-02   -0.269416997636229382E+03   -0.513515351937698394E+01    1
    0.878631711006164551E+00    0.279056082683979412E-01    0.126424126640766899E-01   -0.265047387041552270E+03   -0.514515351937697751E+01    1
    0.911589562892913818E+00    0.334338968952856419E-01    0.204981472468711880E-01   -0.258553696238043472E+03   -0.515515351937698085E+01    1
    0.825434207916259766E+00    0.499492923933075872E-01    0.438743294447026672E-01   -0.249135673821344682E+03   -0.516515351937698330E+01    1
    0.779313325881958008E+00    0.308099991496249004E-01    0.376612372711689417E-02   -0.248465963741677825E+03   -0.517515351937698220E+01    1
    0.700159370899200439E+00    0.109327434486605313E+00    0.147873922271908903E+00   -0.236400194219506062E+03   -0.518515351937698643E+01    1
    0.551618993282318115E+00    0.375224646603857792E+00    0.624538580334303706E-01   -0.234843549570585367E+03   -0.519515351937698533E+01    1
    0.420474648475646973E+00    0.191174858746578025E+00    0.293217212431705343E+00   -0.228720603574021141E+03   -0.520515351937697623E+01    1
    0.956508219242095947E+00    0.338489887803241629E-01    0.298924886813944999E-02   -0.228600219967803383E+03   -0.521515351937698224E+01    1
    0.940824091434478760E+00    0.366030926191029948E-01    0.719295578217647291E-02   -0.227884729396769359E+03   -0.522515351937697670E+01    1
    0.331555604934692383E-01    0.438014713508664499E+00    0.161369413366524828E+00   -0.220049445835529525E+03   -0.523515351937698092E+01    1
    0.548705756664276123E+00    0.745925954551225345E-01    0.601624101897151389E-01   -0.218193052370890342E+03   -0.524515351937698071E+01    1
    0.678241252899169922E-01    0.329154692331940169E+00    0.542108128914522647E+00   -0.216647159074833382E+03   -0.525515351937698583E+01    1
    0.935716748237609863E+00    0.437267731793227199E-01    0.115526485887610560E-01   -0.214379182790447231E+03   -0.526515351937698739E+01    1
    0.926386475563049316E+00    0.437871931617195287E-01    0.996311439629053719E-02   -0.212323303784398860E+03   -0.527515351937698007E+01    1
    0.371412992477416992E+00    0.117228824859694214E+00    0.132469293845046326E+00   -0.211316915885851273E+03   -0.528515351937697542E+01    1
    0.696660816669464111E+00    0.473901480405380937E-01    0.584215945996249212E-02   -0.209463893398624037E+03   -0.529515351937697609E+01    1
    0.243077933788299561E+00    0.383752516594988435E+00    0.767978250413006575E-01   -0.208602078807877490E+03   -0.530515351937697677E+01    1
    0.612420201301574707E+00    0.341386019280065511E+00    0.196989579207498787E-01   -0.207195128007684389E+03   -0.531515351937698188E+01    1
    0.636468589305877686E+00    0.332096651727358250E+00    0.430262806185118495E-02   -0.205176858555989611E+03   -0.532515351937698078E+01    1
    0.946671485900878906E+00    0.431901684078184189E-01    0.356678447396663323E-02   -0.204184222915121182E+03   -0.533515351937697613E+01    1
    0.855883896350860596E+00    0.711031027291610940E-01    0.523444906519311207E-01   -0.200195731120514807E+03   -0.534515351937697680E+01    1
    0.955835938453674316E+00    0.438069103232407997E-01    0.801730628613506798E-04   -0.197555069831445991E+03   -0.535515351937698103E+01    1
    0.634185671806335449E+00    0.903961203522243295E-01    0.792611943619292436E-01   -0.197281820006158824E+03   -0.536515351937698171E+01    1
    0.722225487232208252E+00    0.117587886270989372E+00    0.135617969278512385E+00   -0.195639330273513508E+03   -0.537515351937698238E+01    1
    0.909222662448883057E+00    0.567336770798156920E-01    0.204251825143002448E-01   -0.193070530026878970E+03   -0.538515351937698128E+01    1
    0.496970057487487793E+00    0.343639325093995751E+00    0.345067836061448488E-01   -0.184108987446969877E+03   -0.539515351937698018E+01    1
    0.836723804473876953E+00    0.561133946062852829E-01    0.809450377562490227E-02   -0.182563150668891154E+03   -0.540515351937698263E+01    1
    0.657456398010253906E+00    0.326470516477513684E+00    0.151193019092701140E-01   -0.180312871991483235E+03   -0.541515351937698153E+01    1
    0.581067919731140137E+00    0.350763192164784243E+00    0.668113666879934787E-01   -0.170679272735562563E+03   -0.542515351937697865E+01    1
    0.535162448883056641E+00    0.343222075523499370E+00    0.495600857513444695E-01   -0.168989688068226314E+03   -0.543515351937697933E+01    1
    0.848459005355834961E-01    0.272577023797396123E+00    0.391945559649391095E+00   -0.166552299182583226E+03   -0.544515351937698178E+01    1
    0.795490264892578125E+00    0.921062467984938849E-01    0.642534138349621364E-01   -0.165847850904252965E+03   -0.545515351937698245E+01    1
    0.778975903987884521E+00    0.108791317802630516E+00    0.946737021292392705E-01   -0.163382713609897735E+03   -0.546515351937698401E+01    1
    0.247995376586914062E+00    0.402380628638184135E+00    0.161634653833431396E+00   -0.154402545431384453E+03   -0.547515351937698025E+01    1
    0.676616311073303223E+00    0.311076897721157763E+00    0.100750515371464035E-01   -0.152804313399730745E+03   -0.548515351937698004E+01    1
    0.649407684803009033E+00    0.306891860243801773E+00    0.274764928891516351E-02   -0.149569127072718402E+03   -0.549515351937697805E+01    1
    0.342468500137329102E+00    0.420524682534633598E+00    0.210604948142509685E+00   -0.148713309156711432E+03   -0.550515351937697694E+01    1
    0.805887401103973389E+00    0.828565503724512098E-01    0.305295080643083055E-01   -0.148112975523660253E+03   -0.551515351937698295E+01    1
    0.758611798286437988E+00    0.944898403606373449E-01    0.492462688977569826E-01   -0.145380555584419113E+03   -0.552515351937698185E+01    1
    0.891745805740356445E+00    0.717284398420900970E-01    0.726950471419216503E-02   -0.142621126607562047E+03   -0.553515351937698163E+01    1
    0.474872112274169922E+00    0.376751512565022040E+00    0.141572994261813523E+00   -0.138763942911568904E+03   -0.554515351937698142E+01    1
    0.673658668994903564E+00    0.306941846193751644E+00    0.152755360598612281E-01   -0.138525568759001999E+03   -0.555515351937698032E+01    1
    0.560620903968811035E+00    0.316726705430831146E+00    0.270168294618378969E-01   -0.138400435669407898E+03   -0.556515351937698544E+01    1
    0.901973187923431396E+00    0.790662739642229440E-01    0.166856328317454700E-01   -0.136662171917373172E+03   -0.557515351937698611E+01    1
    0.802907347679138184E+00    0.855908787736936461E-01    0.198543508529741078E-01   -0.131002268499134431E+03   -0.558515351937698146E+01    1
    0.913537442684173584E+00    0.768593331066966812E-01    0.450876704945672030E-02   -0.128218269701270884E+03   -0.559515351937697680E+01    1
    0.904069423675537109E+00    0.806412965046945374E-01    0.116334009940936393E-01   -0.128159793417657085E+03   -0.560515351937697748E+01    1
    0.904048681259155273E+00    0.779162489300233574E-01    0.482322097653200589E-02   -0.126666826036744197E+03   -0.561515351937697904E+01    1
    0.686147391796112061E+00    0.116356087330707680E+00    0.673835986727009256E-01   -0.122101660292294085E+03   -0.562515351937698060E+01    1
    0.465480506420135498E+00    0.327529110286445047E+00    0.599426661042219491E-01   -0.121053761812121820E+03   -0.563515351937698039E+01    1
    0.590433299541473389E+00    0.937158424113597732E-01    0.144508049475719231E-01   -0.118955978868563449E+03   -0.564515351937698284E+01    1
    0.484011948108673096E+00    0.318022467110989027E+00    0.477854591421421129E-01   -0.115898306472714694E+03   -0.565515351937698085E+01    1
    0.225123465061187744E+00    0.122234056527180002E+00    0.482711533968910658E-01   -0.113063744350151140E+03   -0.566515351937697975E+01    1
    0.615572631359100342E+00    0.103838093256854336E+00    0.287801415680800365E-01   -0.112182904729795339E+03   -0.567515351937697954E+01    1
    0.720069408416748047E+00    0.991599098353788122E-01    0.238355202278718384E-01   -0.111826146814763391E+03   -0.568515351937697666E+01    1
    0.855800151824951172E+00    0.954719973294118063E-01    0.197535290450555207E-01   -0.109285194266963529E+03   -0.569515351937697734E+01    1
    0.728969322450532919E+00    0.127735503698136715E+00    0.767461043885463573E-01   -0.107923531144839629E+03   -0.570515351937697890E+01    1
    0.608749151229858398E+00    0.287941455912132938E+00    0.681247615277728955E-02   -0.106525679376190510E+03   -0.571515351937697780E+01    1
    0.866605699062347412E+00    0.968394695389918070E-01    0.192089254831076181E-01   -0.105943358465604845E+03   -0.572515351937697403E+01    1
    0.553758442401885986E+00    0.299386913038986791E+00    0.272441312999097546E-01   -0.105324451400692169E+03   -0.573515351937697382E+01    1
    0.808131515979766846E+00    0.109642615247960151E+00    0.413230274264037925E-01   -0.105251849046546752E+03   -0.574515351937697805E+01    1
    0.682085822301078726E+00    0.291261564735842693E+00    0.209111684132342636E-01   -0.104501038001634697E+03   -0.575515351937698227E+01    1
    0.294546186923980713E+00    0.343985522523727383E+00    0.100310435929656591E+00   -0.104149487676706258E+03   -0.576515351937698384E+01    1
    0.675115346908569336E+00    0.284223878322791279E+00    0.758262427794142210E-02   -0.103381267171173477E+03   -0.577515351937697918E+01    1
    0.900668978691101074E+00    0.928420899290784973E-01    0.516468698827599396E-02   -0.993064426531286273E+02   -0.578515351937698075E+01    1
    0.844582855701446533E+00    0.101103382184518864E+00    0.187033087377686189E-01   -0.988613104286545905E+02   -0.579515351937698409E+01    1
    0.878451933247087702E+00    0.980512835317772363E-01    0.134665469692253001E-01   -0.983779545460786977E+02   -0.580515351937698565E+01    1
    0.272364616394042969E-01    0.301198897070605653E+00    0.649544393460559696E-02   -0.963663523845864347E+02   -0.581515351937698366E+01    1
    0.218452811241149902E-01    0.256360399220756818E+00    0.283162758093350730E+00   -0.938999592970738632E+02   -0.582515351937698256E+01    1
    0.387279093265533447E+00    0.379810855308058137E+00    0.193326028337890643E+00   -0.924017877837575270E+02   -0.583515351937698412E+01    1
    0.689703524112701416E+00    0.283460402418619140E+00    0.209409980704132644E-01   -0.920727355404385435E+02   -0.584515351937698391E+01    1
    0.788364231586456299E+00    0.107353986646355537E+00    0.176819210508341457E-01   -0.899832139505353581E+02   -0.585515351937697837E+01    1
    0.754943192005157471E+00    0.144067549436652342E+00    0.891908950353503399E-01   -0.898647495086489272E+02   -0.586515351937697371E+01    1
    0.491509437561035156E+00    0.228004996467461751E+00    0.243386598814738259E+00   -0.897488482831378889E+02   -0.587515351937697705E+01    1
    0.219693925493464781E+00    0.147596625394141451E+00    0.671367370712667166E-01   -0.868237134856828590E+02   -0.588515351937697684E+01    1
    0.529020965099334717E+00    0.217719516633199106E+00    0.218567275402758304E+00   -0.847368923441883481E+02   -0.589515351937697751E+01    1
    0.669024586677551270E+00    0.269203377290907042E+00    0.529339069067185069E-02   -0.813264655083289654E+02   -0.590515351937697286E+01    1
    0.824160635471343994E+00    0.116981927584802747E+00    0.264524480816626453E-01   -0.805625480004396906E+02   -0.591515351937697531E+01    1
    0.805046993626200025E+00    0.129261239280631712E+00    0.481342778360848433E-01   -0.789999706708886862E+02   -0.592515351937697687E+01    1
    0.680911719799041748E+00    0.131560836691253513E+00    0.466877858293574810E-01   -0.788514390137007268E+02   -0.593515351937697400E+01    1
    0.209136724472045898E+00    0.297736933361704814E+00    0.352877278615086887E+00   -0.779952773342539132E+02   -0.594515351937698000E+01    1
    0.799735903739929199E+00    0.125336637861707345E+00    0.371208055047428931E-01   -0.769482951410546576E+02   -0.595515351937698156E+01    1
    0.396592253545997808E+00    0.282890478991244698E+00    0.215007988840617142E-01   -0.761995846974991764E+02   -0.596515351937697336E+01    1
    0.597524702548980713E+00    0.294141339033124893E+00    0.596624821768368188E-01   -0.747953441694814956E+02   -0.597515351937696959E+01    1
    0.376850485801696777E+00    0.252317778670409609E+00    0.265572291500156876E+00   -0.742069891187205286E+02   -0.598515351937697559E+01    1
    0.690251827239990234E+00    0.262250821178980686E+00    0.576459019230785019E-02   -0.723222485859889730E+02   -0.599515351937697627E+01    1
    0.342551648616790771E+00    0.384834869405235480E+00    0.228461569582556284E+00   -0.722086031837336577E+02   -0.600515351937697517E+01    1
    0.485019803047180176E+00    0.305639405633527872E+00    0.804437004137172201E-01   -0.712083525910297794E+02   -0.601515351937697851E+01    1
    0.359225273132324219E+00    0.149120532710128373E+00    0.550981148824096767E-01   -0.711689067010231184E+02   -0.602515351937697829E+01    1
    0.556889593601226807E+00    0.223189226068441826E+00    0.211654599422104461E+00   -0.709479051563589138E+02   -0.603515351937697453E+01    1
    0.852984666824340820E+00    0.120611370518432182E+00    0.179033212810571773E-01   -0.684663582037438374E+02   -0.604515351937697520E+01    1
    0.619541227817535400E+00    0.119163042498755090E+00    0.333409806084871948E-02   -0.681408474238016453E+02   -0.605515351937697410E+01    1
    0.515972793102264404E+00    0.261687092831497381E+00    0.209931582982055736E-02   -0.664066503484618806E+02   -0.606515351937697478E+01    1
    0.497648596763610840E+00    0.314632433692338509E+00    0.107347540630808494E+00   -0.661269479823990878E+02   -0.607515351937697723E+01    1
    0.615137618333230107E+00    0.156373762129755123E+00    0.741901877962760359E-01   -0.660173129198230555E+02   -0.608515351937697790E+01    1
    0.417659496742384395E+00    0.239455698957907415E+00    0.228515593945403772E+00   -0.651698502806614925E+02   -0.609515351937697769E+01    1
    0.851999163627624512E+00    0.115965811893374848E+00    0.129315806557567530E-02   -0.638258405411007246E+02   -0.610515351937697481E+01    1
    0.711852606802182097E+00    0.130907512718213132E+00    0.222740642276068081E-01   -0.623990844355983612E+02   -0.611515351937697282E+01    1
    0.477026820182800293E+00    0.338200627444201984E+00    0.162449844029188134E+00   -0.606273543326924482E+02   -0.612515351937697528E+01    1
    0.828762048368463566E+00    0.120471286734575148E+00    0.374048063783953338E-02   -0.605383613112076731E+02   -0.613515351937697417E+01    1
    0.738932073116302490E+00    0.137231747056777209E+00    0.326673894544132204E-01   -0.603449366200628177E+02   -0.614515351937697485E+01    1
    0.623397350311279297E+00    0.273693781934753133E+00    0.440423305613509702E-01   -0.599080355350158698E+02   -0.615515351937697819E+01    1
    0.531093530260697277E+00    0.202789613574486050E+00    0.152430126431761293E+00   -0.598334462953111554E+02   -0.616515351937697620E+01    1
    0.541768074035644531E+00    0.254308206778546264E+00    0.619092626155019125E-03   -0.593003234891608102E+02   -0.617515351937697776E+01    1
    0.383065463444296261E+00    0.357870769252024323E+00    0.200694633366521019E+00   -0.578755223927309999E+02   -0.618515351937698288E+01    1
    0.693974614143371582E+00    0.179413294580463401E+00    0.109323292054517671E+00   -0.572397256053083723E+02   -0.619515351937698000E+01    1
    0.381153881549835205E+00    0.257102925377097336E+00    0.247003425179754460E+00   -0.563127524375775650E+02   -0.620515351937697535E+01    1
    0.382237076759338379E+00    0.170383978774857781E+00    0.733702955812442770E-01   -0.558622381738145535E+02   -0.621515351937697247E+01    1
    0.579298734664916992E+00    0.188022407985116047E+00    0.116594433209114404E+00   -0.548095887690523753E+02   -0.622515351937697314E+01    1
    0.674956321716308594E+00    0.142466144866602917E+00    0.303610982703051528E-01   -0.547212863063397847E+02   -0.623515351937697559E+01    1
    0.671544551849365234E+00    0.192462919505288710E+00    0.128826000278031316E+00   -0.542349828618409404E+02   -0.624515351937698071E+01    1
    0.832260406572312372E+00    0.130260650701623099E+00    0.117453752643910409E-01   -0.537515293192598804E+02   -0.625515351937697694E+01    1
    0.689923766645599956E+00    0.253256816941394014E+00    0.205222236059241538E-01   -0.526719385100807997E+02   -0.626515351937697407E+01    1
    0.516750812530517578E-01    0.254426076587563443E+00    0.217081784874606248E+00   -0.519377133900941956E+02   -0.627515351937697385E+01    1
    0.297700345516204834E+00    0.376481056571922323E+00    0.244618043662521767E+00   -0.513705792239768471E+02   -0.628515351937697986E+01    1
    0.804321944713592529E+00    0.149892289197836703E+00    0.444495222841114548E-01   -0.511475615458587711E+02   -0.629515351937697432E+01    1
    0.284435126084210815E-01    0.208871657562816587E+00    0.122433784749283167E+00   -0.507223161861384781E+02   -0.630515351937697766E+01    1
    0.548073759793757054E+00    0.200983482753653159E+00    0.133195369113374734E+00   -0.506348295229859744E+02   -0.631515351937697567E+01    1
    0.374156165034027266E+00    0.290479995220592702E+00    0.789150554282551792E-01   -0.505027637302821404E+02   -0.632515351937697190E+01    1
    0.740129947662353516E+00    0.245511197002088011E+00    0.128805396183739613E-01   -0.503617443469000321E+02   -0.633515351937697790E+01    1
    0.171450376510620117E-01    0.494967166336479636E+00    0.470000745833852873E+00   -0.498042845679149835E+02   -0.634515351937697858E+01    1
    0.710839259191075601E+00    0.138517594377274816E+00    0.134349251880167692E-01   -0.491925460696076655E+02   -0.635515351937697659E+01    1
    0.740853667259216309E+00    0.167969703108809654E+00    0.733670203153878320E-01   -0.490207011554777594E+02   -0.636515351937697371E+01    1
    0.697163105010986328E+00    0.187946456983070220E+00    0.110787812658061854E+00   -0.488414083517581687E+02   -0.637515351937697350E+01    1
    0.375789701938629150E+00    0.259939929436850292E+00    0.235286534141136205E+00   -0.474083049535602825E+02   -0.638515351937697861E+01    1
    0.363535020055899827E+00    0.356527803045556202E+00    0.217766852580552922E+00   -0.470673753885344013E+02   -0.639515351937698195E+01    1
    0.749190860095486966E+00    0.144897648652480449E+00    0.227781183409754284E-01   -0.465628322423912735E+02   -0.640515351937697730E+01    1
    0.471698582172393799E+00    0.273137889275258061E+00    0.588184132446175276E-01   -0.465229259084187561E+02   -0.641515351937697620E+01    1
    0.492208659648895264E+00    0.320287632698690317E+00    0.156029854725596689E+00   -0.458523416766086029E+02   -0.642515351937697776E+01    1
    0.703635454177856445E+00    0.247601361512963081E+00    0.250519501465878008E-01   -0.453793843356678011E+02   -0.643515351937697222E+01    1
    0.474255809463763389E+00    0.157659866464315485E+00    0.318199205333948715E-01   -0.453703022982676387E+02   -0.644515351937697556E+01    1
    0.624556362628936768E+00    0.255662479568634637E+00    0.365503174234165437E-01   -0.451538868394239401E+02   -0.645515351937697535E+01    1
    0.807675688597188191E+00    0.138019429872879129E+00    0.817645451295400706E-02   -0.448268962853255246E+02   -0.646515351937697513E+01    1
    0.167240500450134277E-01    0.264829310983845545E+00    0.220982382414348144E+00   -0.447471532560719609E+02   -0.647515351937697048E+01    1
    0.351392209529876709E+00    0.364548065858627979E+00    0.239188008844217537E+00   -0.443745704316347656E+02   -0.648515351937697559E+01    1
    0.501895368099212646E+00    0.179954243955474880E+00    0.745966866541295515E-01   -0.438433898035023688E+02   -0.649515351937697538E+01    1
    0.461451470851898193E+00    0.260976287783449834E+00    0.396004142613298263E-01   -0.437692787498613782E+02   -0.650515351937697694E+01    1
    0.686123598644122423E+00    0.153300330117742578E+00    0.299244275556386739E-01   -0.436200757558511398E+02   -0.651515351937697318E+01    1
    0.357094764709472656E+00    0.275688064548660350E+00    0.649246132696482819E-01   -0.428562755216928508E+02   -0.652515351937697652E+01    1
    0.854938745498657227E+00    0.138309218615432883E+00    0.609836094109785214E-02   -0.427877921841830542E+02   -0.653515351937697631E+01    1
    0.854183087775756023E+00    0.135292497953329927E+00    0.813244324904356181E-04   -0.427729597208202179E+02   -0.654515351937697609E+01    1
    0.850992059992129679E+00    0.137715921029941762E+00    0.437192511206677212E-02   -0.426533030346584567E+02   -0.655515351937696966E+01    1
    0.497538186777265690E+00    0.179877894261905813E+00    0.692605328903610068E-01   -0.417492758902031440E+02   -0.656515351937697567E+01    1
    0.841915595195270594E+00    0.140974417156337378E+00    0.793997837560769630E-02   -0.415410180388464099E+02   -0.657515351937698256E+01    1
    0.245961658263323196E+00    0.321440223268363523E+00    0.336320739985111306E+00   -0.410898057568818516E+02   -0.658515351937698501E+01    1
    0.394017219543457031E+00    0.220763832755949352E+00    0.143728994236830027E+00   -0.408860322343278497E+02   -0.659515351937696881E+01    1
    0.118407713179690219E+00    0.397697001835755959E+00    0.477517587794623888E+00   -0.404500092452947229E+02   -0.660515351937696948E+01    1
    0.599255051343718856E-01    0.277308910159450139E+00    0.568534694280793326E-01   -0.400767210476770472E+02   -0.661515351937697371E+01    1
    0.492309927940368652E+00    0.244925971059267056E+00    0.193096174976622015E+00   -0.394298262895468454E+02   -0.662515351937697705E+01    1
    0.342536568635210259E+00    0.195675523129158702E+00    0.868194229254345140E-01   -0.392813296367001570E+02   -0.663515351937697861E+01    1
    0.805070368066314379E+00    0.151752321744033358E+00    0.204014679197913953E-01   -0.385989948585158302E+02   -0.664515351937698107E+01    1
    0.498849396085437435E+00    0.225175187571373059E+00    0.151678320502972863E+00   -0.384816305988040952E+02   -0.665515351937697286E+01    1
    0.391618497942214816E+00    0.244736024305455768E+00    0.173923212720886837E-01   -0.379612420789929459E+02   -0.666515351937697353E+01    1
    0.585890481042150246E+00    0.170145062214958065E+00    0.435173363545362443E-01   -0.375582825924357806E+02   -0.667515351937697510E+01    1
    0.345777888538272904E+00    0.346759864393015149E+00    0.220365220007273099E+00   -0.374431984235206983E+02   -0.668515351937697488E+01    1
    0.514328896999359131E+00    0.290639018450455922E+00    0.119562974831292967E+00   -0.370829634180579433E+02   -0.669515351937697734E+01    1
    0.645091038228425395E+00    0.244649130134475201E+00    0.361663130883066522E-01   -0.368947023284031914E+02   -0.670515351937697446E+01    1
    0.856774370218049031E+00    0.142939821396397049E+00    0.861619146267255027E-04   -0.367197334416163770E+02   -0.671515351937697247E+01    1
    0.522581582918647980E+00    0.168359574248940408E+00    0.338094645385182760E-01   -0.364140338460973183E+02   -0.672515351937697314E+01    1
    0.681919928152666444E+00    0.160155187618961747E+00    0.251411230648162579E-01   -0.363069926987240663E+02   -0.673515351937697382E+01    1
    0.417248308658599854E+00    0.157038738978307890E+00    0.465819432550142708E-02   -0.362776073068278677E+02   -0.674515351937697183E+01    1
    0.706497550010681152E+00    0.175226404151324289E+00    0.564510544501679382E-01   -0.362538254389183479E+02   -0.675515351937697428E+01    1
    0.704569857525623622E+00    0.241008001437458125E+00    0.351039404854681450E-01   -0.360798071991108102E+02   -0.676515351937697584E+01    1
    0.852019906044006348E+00    0.143872956107244931E+00    0.189018444763175391E-04   -0.360415737286168181E+02   -0.677515351937697829E+01    1
    0.243917078655150443E+00    0.245577529937011180E+00    0.171782889136196132E+00   -0.357635047534475419E+02   -0.678515351937697098E+01    1
    0.260238245143266544E+00    0.326629927852521151E+00    0.181089233735158395E+00   -0.350807332964334364E+02   -0.679515351937697432E+01    1
    0.252114295959472656E+00    0.308278378650470586E+00    0.144205329932875270E+00   -0.350097726427261478E+02   -0.680515351937697410E+01    1
    0.552311564085315232E+00    0.248193932115426674E+00    0.190104745095039718E+00   -0.348515551582368701E+02   -0.681515351937697567E+01    1
    0.144348653973303070E+00    0.390652088281344900E+00    0.303597238531355840E+00   -0.347755433553666080E+02   -0.682515351937697723E+01    1
    0.515860676470293100E+00    0.256587353860615985E+00    0.588458971586815621E-01   -0.344336968980558780E+02   -0.683515351937697613E+01    1
    0.619229908562543452E+00    0.225696312322730297E+00    0.146974376470993928E+00   -0.342653965568841343E+02   -0.684515351937697059E+01    1
    0.252946456222419180E+00    0.248325827547890760E+00    0.287647998989728204E-01   -0.336911307909625251E+02   -0.685515351937697126E+01    1
    0.234781219143779335E+00    0.373189357902509344E+00    0.278058956918216749E+00   -0.335437364403906031E+02   -0.686515351937697371E+01    1
    0.179024957114277572E+00    0.223942986840300701E+00    0.117262619625326012E+00   -0.332087082768355870E+02   -0.687515351937697083E+01    1
    0.135438719733478374E+00    0.332825655879626758E+00    0.330836290771251151E+00   -0.331809176360145557E+02   -0.688515351937697062E+01    1
    0.378805696964263916E+00    0.283292427420825277E+00    0.108648404493236386E+00   -0.329478556022866087E+02   -0.689515351937697307E+01    1
    0.737735454589757755E+00    0.179481242139261282E+00    0.547177608128034815E-01   -0.324078683963803726E+02   -0.690515351937697019E+01    1
    0.424121780206914600E+00    0.280265940877313990E+00    0.239016377585794693E+00   -0.321796727370788815E+02   -0.691515351937697176E+01    1
    0.694453120231628418E+00    0.198386720073720824E+00    0.881240095262202094E-01   -0.317721576648694466E+02   -0.692515351937697421E+01    1
    0.724518656730651855E+00    0.229176952515466326E+00    0.264523584764765583E-01   -0.317543523814563926E+02   -0.693515351937697400E+01    1
    0.125784928924855210E+00    0.238551593912179727E+00    0.138584060099416206E+00   -0.316906250705486130E+02   -0.694515351937697556E+01    1
    0.692667475311275371E+00    0.201866928715835947E+00    0.944537229887305874E-01   -0.315647462544016619E+02   -0.695515351937697623E+01    1
    0.148251563487288157E+00    0.275736096288797694E+00    0.854085809756159609E-01   -0.312019395428747615E+02   -0.696515351937697869E+01    1
    0.742969303840033235E+00    0.176283226838827134E+00    0.443123005936308378E-01   -0.311623174314250448E+02   -0.697515351937697670E+01    1
    0.478397799116788813E+00    0.197006935210737755E+00    0.713991049568150071E-01   -0.308386470797229961E+02   -0.698515351937697471E+01    1
    0.241174703081401431E+00    0.276428527320374928E+00    0.936058877867810141E-01   -0.307887562315457401E+02   -0.699515351937697627E+01    1
    0.990875428266790870E-01    0.282630132486306196E+00    0.222172152297775621E+00   -0.307767986715587725E+02   -0.700515351937697339E+01    1
    0.558971890663343518E+00    0.228756043670083425E+00    0.138215494613252027E+00   -0.306941654298721645E+02   -0.701515351937697229E+01    1
    0.736226987428553969E+00    0.163412574012605505E+00    0.159011762434310942E-01   -0.306024121431910956E+02   -0.702515351937697385E+01    1
    0.124771582843252501E+00    0.261190124116495059E+00    0.578434422700010720E-01   -0.305629929743639153E+02   -0.703515351937696920E+01    1
    0.735615199826169852E+00    0.191521857936570089E+00    0.698959449721657661E-01   -0.299308682297090130E+02   -0.704515351937696899E+01    1
    0.298746407410303449E+00    0.364719952634369071E+00    0.278294369516804641E+00   -0.298381280180008162E+02   -0.705515351937697233E+01    1
    0.430913074816364983E+00    0.200613106452496415E+00    0.719622168722906103E-01   -0.297664097825259617E+02   -0.706515351937697300E+01    1
    0.265910299414900131E+00    0.374286770820795867E+00    0.296276438869027658E+00   -0.296992979763549556E+02   -0.707515351937697190E+01    1
    0.210709182554291441E+00    0.409906502801020256E+00    0.366276419160255662E+00   -0.294776434299722041E+02   -0.708515351937697524E+01    1
    0.494141593891069819E+00    0.260759801325207763E+00    0.194054891584912403E+00   -0.294636981455130993E+02   -0.709515351937697947E+01    1
    0.811576698344193659E+00    0.166388606661375421E+00    0.208320204734401514E-01   -0.293680328143164573E+02   -0.710515351937697481E+01    1
    0.341073949615135263E+00    0.210478327438412660E+00    0.823919052401912710E-01   -0.286540851998875681E+02   -0.711515351937697194E+01    1
    0.770545871458320875E+00    0.166637746694206779E+00    0.160898131020217224E-01   -0.285761347284774914E+02   -0.712515351937697261E+01    1
    0.323395049065897056E+00    0.272779820183837174E+00    0.205612794358759648E+00   -0.285499031542447668E+02   -0.713515351937696796E+01    1
    0.771821178633967042E+00    0.209598011196203138E+00    0.366755779734343184E-02   -0.284023974766840368E+02   -0.714515351937696508E+01    1
    0.773341894149780273E+00    0.172177356255289737E+00    0.262978118372322357E-01   -0.283892207772428904E+02   -0.715515351937696753E+01    1
    0.639338144980015066E+00    0.172119140518724650E+00    0.189612682325069580E-01   -0.282366677349603563E+02   -0.716515351937696821E+01    1
    0.481345236301422119E+00    0.264583883449166279E+00    0.950882820275676804E-01   -0.281535498038213703E+02   -0.717515351937696444E+01    1
    0.718378407355013571E+00    0.221053134589093231E+00    0.246225401889446603E-01   -0.279788190377260619E+02   -0.718515351937696511E+01    1
    0.270510554313659668E+00    0.304637340433259851E+00    0.262814251300105384E+00   -0.277975123808587981E+02   -0.719515351937696845E+01    1
    0.615315280855994962E+00    0.220293028060007418E+00    0.111900007210422564E+00   -0.276489666419225344E+02   -0.720515351937697446E+01    1
    0.398051023483276367E+00    0.281465091247866894E+00    0.222543861115917008E+00   -0.276152388182588950E+02   -0.721515351937697869E+01    1
    0.136002032256370559E+00    0.270637279039287748E+00    0.898478358436693159E-01   -0.274832306197618621E+02   -0.722515351937697670E+01    1
    0.643707048984677788E+00    0.225238322392055684E+00    0.122122261405079341E+00   -0.274686242703142582E+02   -0.723515351937696849E+01    1
    0.414604639818322407E+00    0.241365759198627849E+00    0.143086123243328145E+00   -0.274443166802630643E+02   -0.724515351937696384E+01    1
    0.186827835757010674E+00    0.193264747862408603E+00    0.316771138543045852E-01   -0.272492322021005933E+02   -0.725515351937697073E+01    1
    0.658500432968139648E+00    0.192447723476021793E+00    0.561020291344504068E-01   -0.272231664227022705E+02   -0.726515351937697051E+01    1
    0.385545776207527724E+00    0.269351879745067690E+00    0.195983605742074851E+00   -0.271612113162507924E+02   -0.727515351937696853E+01    1
    0.831763321514963350E+00    0.161049529628035620E+00    0.599066412079564468E-03   -0.271298580270304868E+02   -0.728515351937696742E+01    1
    0.675604281926687422E+00    0.221241061517270826E+00    0.268671612220589655E-01   -0.269904297777869218E+02   -0.729515351937696988E+01    1
    0.371534228324890137E+00    0.285821032203635639E+00    0.227050040515302781E+00   -0.269828671130024489E+02   -0.730515351937697766E+01    1
    0.484513299988709567E+00    0.257420068922176060E+00    0.871327490593656884E-01   -0.268469931467494192E+02   -0.731515351937697655E+01    1
    0.624548212966229310E+00    0.169611312510215884E+00    0.628520963998321393E-02   -0.268042945561624677E+02   -0.732515351937697723E+01    1
    0.721597664109135950E+00    0.226306983612869356E+00    0.411871381879118162E-01   -0.267663346773263768E+02   -0.733515351937697524E+01    1
    0.136496630768104227E+00    0.276611007576892942E+00    0.195027981534626554E+00   -0.267519051900795333E+02   -0.734515351937696614E+01    1
    0.102297365665435791E+00    0.380242987852714265E+00    0.395811899808595047E+00   -0.266801483358308360E+02   -0.735515351937696948E+01    1
    0.706060462912374454E+00    0.205355631665259247E+00    0.814994516066514241E-01   -0.266488819207168675E+02   -0.736515351937697105E+01    1
    0.541653096675872803E+00    0.250660511725708801E+00    0.163307189933769220E+00   -0.265234513573357802E+02   -0.737515351937696906E+01    1
    0.483026081568723564E+00    0.272852907300079217E+00    0.120381108361245701E+00   -0.263381271767869478E+02   -0.738515351937697240E+01    1
    0.733098853488817759E+00    0.182576635023863287E+00    0.347566632884004703E-01   -0.262330206101228853E+02   -0.739515351937697218E+01    1
    0.571341783412458781E+00    0.188031846445916334E+00    0.377640901298013920E-01   -0.261917049232723187E+02   -0.740515351937697464E+01    1
    0.787386781608573783E+00    0.164466173246992226E+00    0.326687158573086504E-03   -0.261340750740135448E+02   -0.741515351937697265E+01    1
    0.363654851913452148E+00    0.293682874931988636E+00    0.156504878075587855E+00   -0.261092210017754951E+02   -0.742515351937696799E+01    1
    0.698862791061401367E+00    0.168265092331836286E+00    0.322839368135417575E-02   -0.260883906378042596E+02   -0.743515351937697044E+01    1
    0.524060424076241635E-01    0.354467086236165796E+00    0.339369635311209283E+00   -0.259752166652422147E+02   -0.744515351937697023E+01    1
    0.577973310104430871E+00    0.259535017922479017E+00    0.102166323000439471E+00   -0.259664642307539637E+02   -0.745515351937696646E+01    1
    0.556349754754907000E+00    0.248248939385901701E+00    0.155143887372540368E+00   -0.257789646065446689E+02   -0.746515351937696536E+01    1
    0.495934081183351361E+00    0.300607263889278609E+00    0.181509386499578373E+00   -0.257379947381052716E+02   -0.747515351937696515E+01    1
    0.434494558763154792E+00    0.256880367867668935E+00    0.164899980921186684E+00   -0.254956630563627371E+02   -0.748515351937696671E+01    1
    0.134453773498535156E+00    0.259005840479744620E+00    0.151943442237664733E+00   -0.253712287186134020E+02   -0.749515351937696561E+01    1
    0.645402642115153330E-01    0.370266829151136345E+00    0.366805589285469635E+00   -0.253332328085803056E+02   -0.750515351937696362E+01    1
    0.721943676471710205E+00    0.173151980462488808E+00    0.946809377414567326E-02   -0.252873662263387544E+02   -0.751515351937696874E+01    1
    0.727862623832652433E+00    0.170698792162121166E+00    0.476284436310636921E-02   -0.252598859701625500E+02   -0.752515351937696853E+01    1
    0.270254766337140878E-01    0.325140271732668296E+00    0.275688813863967597E+00   -0.252164473340721997E+02   -0.753515351937696742E+01    1
    0.236740135091584536E+00    0.296582101099953144E+00    0.160012141125317697E+00   -0.252008626994600036E+02   -0.754515351937696721E+01    1
    0.643483648763984339E+00    0.213894228812691878E+00    0.206403100173366931E-01   -0.251704180111217468E+02   -0.755515351937696877E+01    1
    0.512427926063537598E+00    0.281588210227354807E+00    0.146881166452428852E+00   -0.251242554232415571E+02   -0.756515351937697211E+01    1
    0.663265318359753997E+00    0.195442909537699688E+00    0.502458471987088720E-01   -0.250480268836289000E+02   -0.757515351937696835E+01    1
    0.607252894319223913E+00    0.229297686268074313E+00    0.115025341873038645E+00   -0.250074680355681451E+02   -0.758515351937696991E+01    1
    0.746109977375452371E+00    0.215969275199827865E+00    0.332350496681642002E-01   -0.249486444297732035E+02   -0.759515351937697325E+01    1
    0.640328993342351160E+00    0.197733923234401338E+00    0.527887631298218224E-01   -0.249377628162799923E+02   -0.760515351937697126E+01    1
    0.800925631690578066E+00    0.172565616519763293E+00    0.862719792126911619E-02   -0.248554547751958310E+02   -0.761515351937696572E+01    1
    0.238577127456665039E+00    0.338457798960831724E+00    0.310442131469754579E+00   -0.248506605746151763E+02   -0.762515351937696639E+01    1
    0.226021735528011830E+00    0.340882100638446373E+00    0.251001544801156606E+00   -0.248283761149405109E+02   -0.763515351937696973E+01    1
    0.639777913657045172E+00    0.225110158907593699E+00    0.106218237397442863E+00   -0.246986019071990270E+02   -0.764515351937696952E+01    1
    0.543744955047765322E+00    0.262010736731943972E+00    0.113143209721477331E+00   -0.246278536769237419E+02   -0.765515351937697019E+01    1
    0.730609193961785475E+00    0.210119920261564924E+00    0.232863894195582226E-01   -0.246120117805585963E+02   -0.766515351937697087E+01    1
    0.741403076028208319E+00    0.189955242472007652E+00    0.393887315177322631E-01   -0.245661727474160401E+02   -0.767515351937697066E+01    1
    0.158558368682861328E+00    0.421066576159375927E+00    0.415181985435600420E+00   -0.245299230478044592E+02   -0.768515351937697044E+01    1
    0.151777893207105774E+00    0.195641042838643336E+00    0.167438009341008449E-01   -0.245243941990427814E+02   -0.769515351937697201E+01    1
    0.435886278168142349E+00    0.243420237491905500E+00    0.131432880080857656E+00   -0.244903133745179460E+02   -0.770515351937697446E+01    1
    0.218333938309965447E+00    0.384839824184808721E+00    0.343414896796891134E+00   -0.244853040187269926E+02   -0.771515351937697069E+01    1
    0.142432664186753877E+00    0.330688716464695054E+00    0.227773213718446610E+00   -0.244740238740459972E+02   -0.772515351937696959E+01    1
    0.782139089003712207E+00    0.174906465182526505E+00    0.938120548705013643E-02   -0.244384462160538263E+02   -0.773515351937697382E+01    1
    0.726000778925071644E+00    0.188581192446205331E+00    0.341764598503727021E-01   -0.243675916527079792E+02   -0.774515351937697538E+01    1
    0.547568677139750992E+00    0.264618573818372338E+00    0.177941047895048443E+00   -0.243524468363082818E+02   -0.775515351937697517E+01    1
    0.172444868318220673E+00    0.389857532391613693E+00    0.401713258979193799E+00   -0.243403269057100715E+02   -0.776515351937697407E+01    1
    0.440358663753401325E+00    0.298604516280996768E+00    0.183599574914995206E+00   -0.242861807912631775E+02   -0.777515351937697297E+01    1
    0.573073960459761778E+00    0.200616330207219556E+00    0.503492580337744494E-01   -0.242623155559759383E+02   -0.778515351937696565E+01    1
    0.698727878957660531E+00    0.200189540882538097E+00    0.408030713887658214E-02   -0.242615476176143332E+02   -0.779515351937696011E+01    1
    0.794384183742515959E+00    0.173612971451495485E+00    0.500917952762380565E-02   -0.241821375596860619E+02   -0.780515351937696522E+01    1
    0.466968655586242676E+00    0.280946411723782319E+00    0.150186699188811335E+00   -0.240622840934389117E+02   -0.781515351937697123E+01    1
    0.772783669936027318E+00    0.190159908810549838E+00    0.366436479649366459E-01   -0.240513713668931999E+02   -0.782515351937697279E+01    1
    0.435595160701001821E-01    0.449814611483328963E+00    0.481023377012971709E+00   -0.240369351363177159E+02   -0.783515351937697524E+01    1
    0.733772104112365930E+00    0.215481046422173111E+00    0.402225045508469992E-01   -0.238867747959885222E+02   -0.784515351937695993E+01    1
    0.819024490944359473E+00    0.173417548997180815E+00    0.241805073215565309E-02   -0.238763711979350504E+02   -0.785515351937696593E+01    1
    0.783928732388333993E-01    0.436018185456372720E+00    0.477403620610822421E+00   -0.238691963995174774E+02   -0.786515351937697016E+01    1
    0.795683471009352994E+00    0.179436090816279814E+00    0.136025357098382392E-01   -0.238450130915101184E+02   -0.787515351937697172E+01    1
    0.818132651554285828E+00    0.173142945506333773E+00    0.135716110565597872E-02   -0.238378531018766537E+02   -0.788515351937697417E+01    1
    0.300714327367012868E+00    0.318529938088989106E+00    0.218938828117275081E+00   -0.237752992750381509E+02   -0.789515351937696952E+01    1
    0.729820662640452866E+00    0.201515202504528590E+00    0.542605473625660528E-01   -0.236912519901421277E+02   -0.790515351937697019E+01    1
    0.682014419733606436E+00    0.199170203019292974E+00    0.472130291883654449E-01   -0.236834107672589838E+02   -0.791515351937696643E+01    1
    0.451726553192274116E+00    0.184477312941276922E+00    0.478354448993281983E-02   -0.236570077202157520E+02   -0.792515351937696444E+01    1
    0.455267266737193532E+00    0.289831080989688517E+00    0.170713357984990183E+00   -0.236569699460090490E+02   -0.793515351937696778E+01    1
    0.540552496089600765E+00    0.268315876806133669E+00    0.178864031689939473E+00   -0.236406000983868765E+02   -0.794515351937696490E+01    1
    0.119866657937879983E+00    0.429668548209510170E+00    0.443435701372523694E+00   -0.236386522977186360E+02   -0.795515351937696735E+01    1
    0.797207569576442676E+00    0.192243906075367288E+00    0.227527039198150045E-02   -0.235996809565584229E+02   -0.796515351937696447E+01    1
    0.700899171144839905E+00    0.185392565996935210E+00    0.191699040807114598E-01   -0.235890906601014834E+02   -0.797515351937695893E+01    1
    0.736897777759601413E+00    0.200040911780910463E+00    0.137230844257328431E-01   -0.235691744717265195E+02   -0.798515351937696582E+01    1
    0.686694126864268783E+00    0.189760811321425832E+00    0.265444933798020810E-01   -0.235571295121151891E+02   -0.799515351937696650E+01    1
    0.776549994945526123E+00    0.195870247130596198E+00    0.884049810042559711E-02   -0.235547289129024833E+02   -0.800515351937696096E+01    1
    0.474581488258662698E+00    0.296615356165097765E+00    0.188825175597160833E+00   -0.235489107876578601E+02   -0.801515351937696785E+01    1
    0.241505035266784962E+00    0.291494453100379414E+00    0.161309811636542288E+00   -0.235440802067353800E+02   -0.802515351937697652E+01    1
    0.261201756451494016E+00    0.281336288291922476E+00    0.142551419848191974E+00   -0.235205631735544287E+02   -0.803515351937696920E+01    1
    0.790740200401082949E+00    0.191706004266632812E+00    0.235004740414556604E-02   -0.234675564245151875E+02   -0.804515351937696543E+01    1
    0.324687096910866724E+00    0.244985949147921683E+00    0.120019971207907666E+00   -0.234567925309386922E+02   -0.805515351937697233E+01    1
    0.755973784674785598E+00    0.187829704162997574E+00    0.235097711154739347E-01   -0.234343402445172799E+02   -0.806515351937697034E+01    1
    0.679614089752407224E+00    0.200487531317319556E+00    0.464612091393583615E-01   -0.234241590017268848E+02   -0.807515351937696657E+01    1
    0.778395806338750385E+00    0.196374877096508027E+00    0.116000044422302287E-01   -0.234202407291484818E+02   -0.808515351937696636E+01    1
    0.722543058148252482E+00    0.211461885682427936E+00    0.364434238304558247E-01   -0.233974755176823876E+02   -0.809515351937696259E+01    1
    0.622544522597922811E+00    0.243531172022034476E+00    0.924925857712356886E-01   -0.233939629006311591E+02   -0.810515351937696593E+01    1
    0.208101746869101517E+00    0.335578592319651758E+00    0.290735012914150603E+00   -0.233825113691068509E+02   -0.811515351937696572E+01    1
    0.107041326393795960E+00    0.425489308257446797E+00    0.441979020896596575E+00   -0.233466664327415856E+02   -0.812515351937696728E+01    1
    0.502458691627791443E+00    0.252689892510335190E+00    0.103296800057305363E+00   -0.232876527126077875E+02   -0.813515351937696707E+01    1
    0.150418738802420682E+00    0.414058132500304932E+00    0.423872784582134288E+00   -0.232456482609386512E+02   -0.814515351937696508E+01    1
    0.390275512611850672E+00    0.289772569791019452E+00    0.170282090931665214E+00   -0.232389044365180055E+02   -0.815515351937696664E+01    1
    0.765269766811332963E+00    0.183044164762493550E+00    0.101701614053168916E-01   -0.232045756605783211E+02   -0.816515351937696643E+01    1
    0.144035782601060341E+00    0.391667518620847976E+00    0.367653397018531336E+00   -0.231968100269775732E+02   -0.817515351937696622E+01    1
    0.550069670155538648E+00    0.261832991137997406E+00    0.161867538446654746E+00   -0.231958767464773885E+02   -0.818515351937696600E+01    1
    0.742115317685781761E+00    0.197980974719055514E+00    0.146517113158400290E-01   -0.231915432123901795E+02   -0.819515351937696224E+01    1
    0.742167904003707024E+00    0.193380394107370124E+00    0.684248057370629749E-02   -0.231613094748825645E+02   -0.820515351937696558E+01    1
    0.499022858499390043E+00    0.249112468963171713E+00    0.133862654805618847E+00   -0.231535885203646288E+02   -0.821515351937696714E+01    1
    0.728071162572877184E+00    0.189614354083250919E+00    0.216787436869759972E-01   -0.231510214423177061E+02   -0.822515351937696693E+01    1
    0.754612173510069928E+00    0.192291442779845612E+00    0.592476913941173636E-02   -0.231326662839054009E+02   -0.823515351937696671E+01    1
    0.782329830505124946E+00    0.183267912638772179E+00    0.932989139018509592E-02   -0.231301908233379621E+02   -0.824515351937696295E+01    1
    0.744367716766622500E+00    0.189764246472544890E+00    0.170328787948476014E-02   -0.231132834693435782E+02   -0.825515351937696096E+01    1
    0.715841228235904903E+00    0.194397037502815312E+00    0.307647658656721203E-01   -0.230947333172230813E+02   -0.826515351937696252E+01    1
    0.340654562170480013E+00    0.295902196736969270E+00    0.218558788716542829E+00   -0.230811389649739525E+02   -0.827515351937696408E+01    1
    0.745081229301500114E+00    0.189637768221627756E+00    0.201708521391684194E-01   -0.230616388227825340E+02   -0.828515351937696565E+01    1
    0.204395801779531344E+00    0.231255360480369015E+00    0.793488137358811241E-01   -0.230562132938146718E+02   -0.829515351937696543E+01    1
    0.747845804625602906E+00    0.199818214762083807E+00    0.414454680123168828E-01   -0.230466372762389895E+02   -0.830515351937696344E+01    1
    0.406692063982901197E+00    0.272756668385228274E+00    0.139691187380548920E+00   -0.230351656879116220E+02   -0.831515351937696146E+01    1
    0.705780684947967529E+00    0.200403686593745078E+00    0.199281859392074004E-01   -0.230202689003495564E+02   -0.832515351937696302E+01    1
    0.783997295098021518E+00    0.192812151413341043E+00    0.126939468544073585E-01   -0.230170760557176166E+02   -0.833515351937696813E+01    1
    0.579549240340914262E+00    0.209785510872693814E+00    0.286215190940730980E-01   -0.230100611543353537E+02   -0.834515351937696437E+01    1
    0.676067176905740475E+00    0.209299788781686869E+00    0.586426818289225577E-01   -0.230045503534200364E+02   -0.835515351937696593E+01    1
    0.487540604029460367E+00    0.234436659009875092E+00    0.101549706034324713E+00   -0.229877619035692717E+02   -0.836515351937696927E+01    1
    0.147936441328829160E+00    0.331937693862932537E+00    0.245597450632015962E+00   -0.229758144839904617E+02   -0.837515351937696906E+01    1
    0.587243528032964535E+00    0.206439212330733562E+00    0.230087991672169936E-01   -0.229683275865432464E+02   -0.838515351937696174E+01    1
    0.794141232967376709E+00    0.184688470985978626E+00    0.415302434181106378E-02   -0.229666898036119349E+02   -0.839515351937695975E+01    1
    0.782171242844824199E+00    0.191269632195579548E+00    0.129818117305054558E-01   -0.229661394243053749E+02   -0.840515351937696487E+01    1
    0.785611122876918477E+00    0.186594856797577535E+00    0.354920520084731420E-02   -0.229658086645436654E+02   -0.841515351937696821E+01    1
    0.806755798644416156E+00    0.184066072444294487E+00    0.528305641570617733E-02   -0.229646777869673500E+02   -0.842515351937696266E+01    1
    0.780038868193923318E+00    0.183439603189912481E+00    0.430132456932243428E-02   -0.229554421924693273E+02   -0.843515351937695534E+01    1
    0.875413538197642727E-01    0.397859451739281500E+00    0.391767375674901108E+00   -0.229547253537937195E+02   -0.844515351937695691E+01    1
    0.446005113288499566E+00    0.199814607844798098E+00    0.267657661373665659E-01   -0.229532582631307562E+02   -0.845515351937696202E+01    1
    0.798395666246180413E+00    0.187046128125867905E+00    0.664124952105794083E-02   -0.229374426627405867E+02   -0.846515351937696536E+01    1
    0.363249226409296133E+00    0.280006935210713848E+00    0.152579933726675887E+00   -0.229358941976027566E+02   -0.847515351937696160E+01    1
    0.121112934216020179E+00    0.349531439828125567E+00    0.307222203009603234E+00   -0.229321288307824034E+02   -0.848515351937696316E+01    1
    0.477270815995315789E+00    0.208717257288449448E+00    0.479103712591446296E-01   -0.229304358483132731E+02   -0.849515351937696295E+01    1
    0.868698482274695427E-01    0.354411558612238220E+00    0.288997717779085561E+00   -0.229302416439199988E+02   -0.850515351937696629E+01    1
    0.777157329598268332E+00    0.191747980074573138E+00    0.158553895625121073E-01   -0.229187469564863662E+02   -0.851515351937696785E+01    1
    0.757345095171673699E+00    0.194073408003803044E+00    0.164378679677822138E-01   -0.229085718345432454E+02   -0.852515351937696408E+01    1
    0.711709007643593794E+00    0.188365664271774702E+00    0.132182459481136223E-01   -0.229076744016134128E+02   -0.853515351937696032E+01    1
    0.711967709781298197E+00    0.184221493797487867E+00    0.509100472381823332E-02   -0.229066791651026236E+02   -0.854515351937695655E+01    1
    0.760505596182019183E+00    0.202196819267780659E+00    0.315546730033702053E-01   -0.229057704570548779E+02   -0.855515351937696344E+01    1
    0.336360765286331853E+00    0.274578622298248032E+00    0.140464391626052093E+00   -0.229050671085463549E+02   -0.856515351937696323E+01    1
    0.762808899670801455E+00    0.192281817863502208E+00    0.166860048656956063E-01   -0.229035207333805104E+02   -0.857515351937696124E+01    1
    0.748171923135702244E+00    0.188254947839254699E+00    0.141265605837151594E-01   -0.229014792979947472E+02   -0.858515351937696103E+01    1
    0.744749234144023609E+00    0.206461596995377250E+00    0.374915364161766129E-01   -0.228997030002506747E+02   -0.859515351937696259E+01    1
    0.424044213290851291E+00    0.212125400935379071E+00    0.256142891209258684E-01   -0.228958953473691693E+02   -0.860515351937696771E+01    1
    0.698148594474222284E+00    0.182600015479504107E+00    0.516011998121433950E-03   -0.228951596158081614E+02   -0.861515351937696039E+01    1
    0.597441740973240765E+00    0.196324894830580327E+00    0.264482679199666663E-01   -0.228947262606269035E+02   -0.862515351937695662E+01    1
    0.681646537243054129E+00    0.195544468180818304E+00    0.112115506446258863E-01   -0.228944430604465836E+02   -0.863515351937696352E+01    1
    0.744545479780770236E+00    0.189404743503290396E+00    0.145527939684600965E-01   -0.228802618680643448E+02   -0.864515351937696508E+01    1
    0.737270868371988852E+00    0.208954182327479115E+00    0.432943834031508726E-01   -0.228563243951981079E+02   -0.865515351937695954E+01    1
    0.650617331311429070E+00    0.213121928299061986E+00    0.627545788221094275E-01   -0.228507679548971012E+02   -0.866515351937696288E+01    1
    0.231196903667824777E-01    0.390343438179298285E+00    0.363959420883746831E+00   -0.228507170339771619E+02   -0.867515351937696266E+01    1
    0.863970022497839996E-01    0.249955296334083366E+00    0.830709606389423982E-01   -0.228473388840869305E+02   -0.868515351937696423E+01    1
    0.583794207379765062E+00    0.239296068109098647E+00    0.113504126302039446E+00   -0.228462248624969746E+02   -0.869515351937696934E+01    1
    0.750745858256583021E+00    0.200769758896700817E+00    0.373105081604833827E-01   -0.228430807335735793E+02   -0.870515351937696735E+01    1
    0.122309563064809779E+00    0.385638189476501969E+00    0.365062046761579440E+00   -0.228429524750765722E+02   -0.871515351937696181E+01    1
    0.593303368496436945E+00    0.245353172245993234E+00    0.125239709601132454E+00   -0.228396456253800082E+02   -0.872515351937695982E+01    1
    0.750987636621129662E+00    0.201843482827501502E+00    0.377711764646568790E-01   -0.228365014814936060E+02   -0.873515351937696316E+01    1
    0.425416014195621528E+00    0.245079778028204104E+00    0.118054933282421615E+00   -0.228359360233869850E+02   -0.874515351937695762E+01    1
    0.666852804192269666E+00    0.218725179828054145E+00    0.736551087597067250E-01   -0.228346313739899145E+02   -0.875515351937695741E+01    1
    0.261837481441012043E+00    0.363594694987193712E+00    0.332484189220399795E+00   -0.228319120017365549E+02   -0.876515351937696252E+01    1
    0.296707190048574709E+00    0.324665616341188012E+00    0.265612235429132315E+00   -0.228263725937106301E+02   -0.877515351937696231E+01    1
    0.593605452219578500E+00    0.200423618814961346E+00    0.340960084204176006E-01   -0.228219515394890280E+02   -0.878515351937696209E+01    1
    0.689472618596496445E+00    0.203081960496693442E+00    0.424895799501260746E-01   -0.228215160682119134E+02   -0.879515351937696188E+01    1
    0.585426641802829661E+00    0.195515677234895047E+00    0.216185969003020034E-01   -0.228187215364412808E+02   -0.880515351937695812E+01    1
    0.232899097470726235E+00    0.286097609530012120E+00    0.190480150672726861E+00   -0.228184710232758974E+02   -0.881515351937695790E+01    1
    0.724895828597400982E+00    0.198248836541388973E+00    0.301938899692177735E-01   -0.228138498006247303E+02   -0.882515351937695769E+01    1
    0.994147285132258168E-02    0.266225128108999121E+00    0.111974783657717639E+00   -0.228049469082691942E+02   -0.883515351937695925E+01    1
    0.134773790669023119E+00    0.371960150419414770E+00    0.333147112986803162E+00   -0.228041230089579585E+02   -0.884515351937695904E+01    1
    0.101858520816659942E+00    0.382986082204201606E+00    0.363233661122632778E+00   -0.228037050263515084E+02   -0.885515351937696238E+01    1
    0.703126676340361856E+00    0.191456673793998999E+00    0.161667505193379170E-01   -0.228008956516478705E+02   -0.886515351937696394E+01    1
    0.381218251583687717E+00    0.287892893879822365E+00    0.171495774251042454E+00   -0.228003480168448007E+02   -0.887515351937696018E+01    1
    0.571286565376409095E+00    0.186935442253469031E+00    0.178019448687391328E-02   -0.227968622070400855E+02   -0.888515351937696174E+01    1
    0.702615732592646314E+00    0.207995566505649682E+00    0.406251808125052197E-01   -0.227899767526474264E+02   -0.889515351937696330E+01    1
    0.671892056412970229E+00    0.195454019517957156E+00    0.131930856582566283E-01   -0.227866819599917747E+02   -0.890515351937696309E+01    1
    0.726791671675755757E+00    0.198094526416130068E+00    0.245974944494610354E-01   -0.227839137151712023E+02   -0.891515351937696288E+01    1
    0.172488093376159668E+00    0.215657618456539524E+00    0.280528132991134209E-01   -0.227835632654749318E+02   -0.892515351937696089E+01    1
    0.687599931655923369E+00    0.202441595440758376E+00    0.392802364690529870E-01   -0.227773353334667448E+02   -0.893515351937696423E+01    1
    0.641870615979149406E+00    0.238945086073783758E+00    0.948814226994093707E-01   -0.227747757904379071E+02   -0.894515351937696579E+01    1
    0.468381426545453505E+00    0.284961666005222602E+00    0.198120699026105851E+00   -0.227731219463690380E+02   -0.895515351937696202E+01    1
    0.365796039594776967E+00    0.338560770579066528E+00    0.289182705969167342E+00   -0.227700115270104106E+02   -0.896515351937696181E+01    1
    0.644333698611401551E+00    0.235330582474933714E+00    0.105317856594665096E+00   -0.227695490209553739E+02   -0.897515351937695982E+01    1
    0.708263046132428742E+00    0.205429408919782119E+00    0.447415733093337945E-01   -0.227683891266459071E+02   -0.898515351937695428E+01    1
    0.647069561499030277E+00    0.232174514662911224E+00    0.994007907312665501E-01   -0.227637486043641459E+02   -0.899515351937695407E+01    1
    0.452440034589141449E+00    0.296602619327235473E+00    0.219589837093486451E+00   -0.227634701380189384E+02   -0.900515351937695741E+01    1
    0.442574109018110895E+00    0.274532028481112966E+00    0.149689957753028513E+00   -0.227577039751727810E+02   -0.901515351937696252E+01    1
    0.702020967995621858E+00    0.217793264163272826E+00    0.698806512258234175E-01   -0.227556213164248859E+02   -0.902515351937696408E+01    1
    0.694789149884915913E+00    0.219681527137356031E+00    0.635181445654912774E-01   -0.227516875871677442E+02   -0.903515351937696032E+01    1
    0.663418867389181988E+00    0.187058046008247186E+00    0.303289467113380517E-03   -0.227465754188086251E+02   -0.904515351937695833E+01    1
    0.971743153913609548E-01    0.343237519050380302E+00    0.290527066574188586E+00   -0.227441312993528300E+02   -0.905515351937695989E+01    1
    0.691747494286893527E+00    0.204800011250679259E+00    0.392987456612691535E-01   -0.227433177831806645E+02   -0.906515351937695790E+01    1
    0.359582803145629626E+00    0.243658819384300340E+00    0.110255257449940774E+00   -0.227420995465038871E+02   -0.907515351937695591E+01    1
    0.431610139987385566E+00    0.313518419602262233E+00    0.245353676669185755E+00   -0.227419138530628970E+02   -0.908515351937695925E+01    1
    0.369097657695480974E+00    0.314692775722192231E+00    0.230549310526762669E+00   -0.227381682558154807E+02   -0.909515351937696437E+01    1
    0.477168295130410813E+00    0.262743236212768627E+00    0.129111052851617503E+00   -0.227379309328876573E+02   -0.910515351937696060E+01    1
    0.672454448640179780E+00    0.203223671623520175E+00    0.372747195828041292E-01   -0.227379125539626514E+02   -0.911515351937695506E+01    1
    0.600105037584373169E+00    0.192018015178028356E+00    0.103746410053583791E-01   -0.227371508959257156E+02   -0.912515351937696195E+01    1
    0.642263188708554367E+00    0.187812747978798711E+00    0.252920592414613210E-02   -0.227319446097533913E+02   -0.913515351937696529E+01    1
    0.659102864615830786E+00    0.189925015188052715E+00    0.710042577781283112E-02   -0.227315072121089727E+02   -0.914515351937696153E+01    1
    0.684452807822213849E+00    0.195989695968410010E+00    0.216694355865069653E-01   -0.227284775435508166E+02   -0.915515351937696131E+01    1
    0.148455842377094221E+00    0.236425627374104580E+00    0.631116225905739570E-01   -0.227283811872426398E+02   -0.916515351937695577E+01    1
    0.693348654346292115E+00    0.212251428288651373E+00    0.557447047797244577E-01   -0.227028683846479638E+02   -0.917515351937695733E+01    1
    0.569105579324563959E+00    0.243941991843821315E+00    0.119606896131660062E+00   -0.227003662543082285E+02   -0.918515351937696067E+01    1
    0.679140098291630911E+00    0.224748637435788073E+00    0.819032427454915446E-01   -0.226979948644164509E+02   -0.919515351937696046E+01    1
    0.551110918772917402E+00    0.243471043826000932E+00    0.973943966565560953E-01   -0.226973382777035297E+02   -0.920515351937696202E+01    1
    0.458064790243054853E+00    0.213320444993731123E+00    0.332300505083589839E-01   -0.226927732053216644E+02   -0.921515351937696536E+01    1
    0.483325506674980476E+00    0.265662709383290507E+00    0.136264233282403113E+00   -0.226922311471185552E+02   -0.922515351937696337E+01    1
    0.181041666626556297E+00    0.353456250255264726E+00    0.311225721243617470E+00   -0.226922123230856414E+02   -0.923515351937695961E+01    1
    0.425728498805550304E+00    0.297867286185887647E+00    0.201710883855265838E+00   -0.226861513068713521E+02   -0.924515351937695584E+01    1
    0.279712263779149928E-01    0.365769196945182729E+00    0.326620718278749778E+00   -0.226854980435123252E+02   -0.925515351937695918E+01    1
    0.681994365499900002E+00    0.224001445535694316E+00    0.755995670874255871E-01   -0.226841245920166514E+02   -0.926515351937696607E+01    1
    0.464218233636022742E-01    0.338199264876792693E+00    0.258116788900167704E+00   -0.226793560511916894E+02   -0.927515351937695876E+01    1
    0.673412737381134385E+00    0.222440279208637542E+00    0.764490113416395473E-01   -0.226780660390557571E+02   -0.928515351937695499E+01    1
    0.223877754149105421E-01    0.378479458947248826E+00    0.345402695710131102E+00   -0.226752643688971602E+02   -0.929515351937696188E+01    1
    0.553543901049959319E+00    0.262873042506941601E+00    0.155781219605742677E+00   -0.226737770365146574E+02   -0.930515351937696522E+01    1
    0.564363891878058688E+00    0.232775169596172588E+00    0.961629435216455331E-01   -0.226719603351307981E+02   -0.931515351937695790E+01    1
    0.575657024051367538E+00    0.264092868231863565E+00    0.141959410309785983E+00   -0.226695061980906942E+02   -0.932515351937696657E+01    1
    0.310505877679739806E+00    0.338077599665490725E+00    0.281502339778821109E+00   -0.226599388663330501E+02   -0.933515351937696458E+01    1
    0.428255760899126370E+00    0.312422026508554940E+00    0.238115432799756666E+00   -0.226591521961067883E+02   -0.934515351937696082E+01    1
    0.122579511264540642E+00    0.240929396630824744E+00    0.845685097102971822E-01   -0.226456581321431898E+02   -0.935515351937695883E+01    1
    0.477055026713442965E+00    0.293310932364401755E+00    0.211518429726134161E+00   -0.226405295446380208E+02   -0.936515351937696394E+01    1
    0.244855085340736772E-01    0.339622905708734768E+00    0.261598355498495305E+00   -0.226370409285782443E+02   -0.937515351937696728E+01    1
    0.331438631192452204E+00    0.309702251670055717E+00    0.219586105465715831E+00   -0.226319374638662794E+02   -0.938515351937696352E+01    1
    0.606604047483238706E+00    0.243053629627378948E+00    0.103308896382214133E+00   -0.226268901032042962E+02   -0.939515351937695797E+01    1
    0.599245888826134832E+00    0.245803103173639875E+00    0.108741117052963049E+00   -0.226169701451897893E+02   -0.940515351937695776E+01    1
    0.329668017242054245E+00    0.304362831508209586E+00    0.208550877795283057E+00   -0.226155711728424649E+02   -0.941515351937695755E+01    1
    0.417337222016824605E+00    0.254194987233991032E+00    0.132799925508336886E+00   -0.226146167054838045E+02   -0.942515351937696089E+01    1
    0.282182149923723757E+00    0.276273362240036957E+00    0.145006155236446638E+00   -0.226138507023172863E+02   -0.943515351937695712E+01    1
    0.622753942417649364E+00    0.242715904970679380E+00    0.105897242512711320E+00   -0.226114349131619932E+02   -0.944515351937694980E+01    1
    0.569726111429734727E+00    0.247199614612810259E+00    0.108578942727731262E+00   -0.226068048893433300E+02   -0.945515351937695137E+01    1
