    0.145925498332492212E-98    0.496931927483355651E+03    0.779313325881958008E+00    0.308099991496249004E-01    0.376612372711689417E-02
    0.251122348169408370E-93    0.472800388439012124E+03    0.700159370899200439E+00    0.109327434486605313E+00    0.147873922271908903E+00
    0.117919220641194590E-92    0.469687099141170734E+03    0.551618993282318115E+00    0.375224646603857792E+00    0.624538580334303706E-01
    0.532602639784667387E-90    0.457441207148042281E+03    0.420474648475646973E+00    0.191174858746578025E+00    0.293217212431705343E+00
    0.594760757229666484E-90    0.457200439935606767E+03    0.956508219242095947E+00    0.338489887803241629E-01    0.298924886813944999E-02
    0.120429523431035933E-89    0.455769458793538718E+03    0.940824091434478760E+00    0.366030926191029948E-01    0.719295578217647291E-02
    0.301446633231944928E-86    0.440098891671059050E+03    0.331555604934692383E-01    0.438014713508664499E+00    0.161369413366524828E+00
    0.191024438082796959E-85    0.436386104741780684E+03    0.548705756664276123E+00    0.745925954551225345E-01    0.601624101897151389E-01
    0.887398957351380146E-85    0.433294318149666765E+03    0.678241252899169922E-01    0.329154692331940169E+00    0.542108128914522647E+00
    0.848683101204266197E-84    0.428758365580894463E+03    0.935716748237609863E+00    0.437267731793227199E-01    0.115526485887610560E-01
    0.656537470609859051E-83    0.424646607568797720E+03    0.926386475563049316E+00    0.437871931617195287E-01    0.996311439629053719E-02
    0.177821915363489476E-82    0.422633831771702546E+03    0.371412992477416992E+00    0.117228824859694214E+00    0.132469293845046326E+00
    0.112305177877649064E-81    0.418927786797248075E+03    0.696660816669464111E+00    0.473901480405380937E-01    0.584215945996249212E-02
    0.263231680533462738E-81    0.417204157615754980E+03    0.243077933788299561E+00    0.383752516594988435E+00    0.767978250413006575E-01
    0.106420716954691904E-80    0.414390256015368777E+03    0.612420201301574707E+00    0.341386019280065511E+00    0.196989579207498787E-01
    0.792878280856835536E-80    0.410353717111979222E+03    0.636468589305877686E+00    0.332096651727358250E+00    0.430262806185118495E-02
    0.211816485581368139E-79    0.408368445830242365E+03    0.946671485900878906E+00    0.431901684078184189E-01    0.356678447396663323E-02
    0.113187062952102302E-77    0.400391462241029615E+03    0.855883896350860596E+00    0.711031027291610940E-01    0.523444906519311207E-01
    0.157137005362793594E-76    0.395110139662891982E+03    0.955835938453674316E+00    0.438069103232407997E-01    0.801730628613506798E-04
    0.204459087782415279E-76    0.394563640012317649E+03    0.634185671806335449E+00    0.903961203522243295E-01    0.792611943619292436E-01
    0.104613492569866740E-75    0.391278660547027016E+03    0.722225487232208252E+00    0.117587886270989372E+00    0.135617969278512385E+00
    0.135163842270941549E-74    0.386141060053757940E+03    0.909222662448883057E+00    0.567336770798156920E-01    0.204251825143002448E-01
    0.104343662330970055E-70    0.368217974893939754E+03    0.496970057487487793E+00    0.343639325093995751E+00    0.345067836061448488E-01
    0.484698319148908102E-70    0.365126301337782309E+03    0.836723804473876953E+00    0.561133946062852829E-01    0.809450377562490227E-02
    0.455420086229829495E-69    0.360625743982966469E+03    0.657456398010253906E+00    0.326470516477513684E+00    0.151193019092701140E-01
    0.688475094112817503E-65    0.341358545471125126E+03    0.581067919731140137E+00    0.350763192164784243E+00    0.668113666879934787E-01
    0.369251771044319261E-64    0.337979376136452629E+03    0.535162448883056641E+00    0.343222075523499370E+00    0.495600857513444695E-01
    0.418334984698960133E-63    0.333104598365166453E+03    0.848459005355834961E-01    0.272577023797396123E+00    0.391945559649391095E+00
    0.837759267317504187E-63    0.331695701808505930E+03    0.795490264892578125E+00    0.921062467984938849E-01    0.642534138349621364E-01
    0.975824729707590065E-62    0.326765427219795470E+03    0.778975903987884521E+00    0.108791317802630516E+00    0.946737021292392705E-01
    0.767478753702681466E-58    0.308805090862768907E+03    0.247995376586914062E+00    0.402380628638184135E+00    0.161634653833431396E+00
    0.375687520462346294E-57    0.305608626799461490E+03    0.676616311073303223E+00    0.311076897721157763E+00    0.100750515371464035E-01
    0.945164483804988555E-56    0.299138254145436804E+03    0.649407684803009033E+00    0.306891860243801773E+00    0.274764928891516351E-02
    0.220212236415419737E-55    0.297426618313422864E+03    0.342468500137329102E+00    0.420524682534633598E+00    0.210604948142509685E+00
    0.397392884708279610E-55    0.296225951047320507E+03    0.805887401103973389E+00    0.828565503724512098E-01    0.305295080643083055E-01
    0.604716813503689909E-54    0.290761111168838227E+03    0.758611798286437988E+00    0.944898403606373449E-01    0.492462688977569826E-01
    0.945396253480945409E-53    0.285242253215124094E+03    0.891745805740356445E+00    0.717284398420900970E-01    0.726950471419216503E-02
    0.443021218178383475E-51    0.277527885823137808E+03    0.474872112274169922E+00    0.376751512565022040E+00    0.141572994261813523E+00
    0.556680695560177746E-51    0.277051137518003998E+03    0.673658668994903564E+00    0.306941846193751644E+00    0.152755360598612281E-01
    0.624608408906086547E-51    0.276800871338815796E+03    0.560620903968811035E+00    0.316726705430831146E+00    0.270168294618378969E-01
    0.351708802171138934E-50    0.273324343834746344E+03    0.901973187923431396E+00    0.790662739642229440E-01    0.166856328317454700E-01
    0.999781543798570366E-48    0.262004536998268861E+03    0.802907347679138184E+00    0.855908787736936461E-01    0.198543508529741078E-01
    0.160190768926299848E-46    0.256436539402541769E+03    0.913537442684173584E+00    0.768593331066966812E-01    0.450876704945672030E-02
    0.168147520851440657E-46    0.256319586835314169E+03    0.904069423675537109E+00    0.806412965046945374E-01    0.116334009940936393E-01
    0.740858075059395262E-46    0.253333652073488395E+03    0.904048681259155273E+00    0.779162489300233574E-01    0.482322097653200589E-02
    0.704722870315107575E-44    0.244203320584588170E+03    0.686147391796112061E+00    0.116356087330707680E+00    0.673835986727009256E-01
    0.198962829522377953E-43    0.242107523624243640E+03    0.465480506420135498E+00    0.327529110286445047E+00    0.599426661042219491E-01
    0.160503519635436696E-42    0.237911957737126897E+03    0.590433299541473389E+00    0.937158424113597732E-01    0.144508049475719231E-01
    0.338120781841311036E-41    0.231796612945429388E+03    0.484011948108673096E+00    0.318022467110989027E+00    0.477854591421421129E-01
    0.569854009276318440E-40    0.226127488700302280E+03    0.225123465061187744E+00    0.122234056527180002E+00    0.482711533968910658E-01
    0.136133324305781166E-39    0.224365809459590679E+03    0.615572631359100342E+00    0.103838093256854336E+00    0.287801415680800365E-01
    0.192557083289866723E-39    0.223652293629526781E+03    0.720069408416748047E+00    0.991599098353788122E-01    0.238355202278718384E-01
    0.241957018564845098E-38    0.218570388533927058E+03    0.855800151824951172E+00    0.954719973294118063E-01    0.197535290450555207E-01
    0.934884715980295604E-38    0.215847062289679258E+03    0.728969322450532919E+00    0.127735503698136715E+00    0.767461043885463573E-01
    0.374536738741876567E-37    0.213051358752381020E+03    0.608749151229858398E+00    0.287941455912132938E+00    0.681247615277728955E-02
    0.663819854704205680E-37    0.211886716931209691E+03    0.866605699062347412E+00    0.968394695389918070E-01    0.192089254831076181E-01
    0.122038037805509337E-36    0.210648902801384338E+03    0.553758442401885986E+00    0.299386913038986791E+00    0.272441312999097546E-01
    0.129922112407425584E-36    0.210503698093093504E+03    0.808131515979766846E+00    0.109642615247960151E+00    0.413230274264037925E-01
    0.272529313416057179E-36    0.209002076003269394E+03    0.682085822301078726E+00    0.291261564735842693E+00    0.209111684132342636E-01
    0.383483465603607410E-36    0.208298975353412516E+03    0.294546186923980713E+00    0.343985522523727383E+00    0.100310435929656591E+00
    0.818535698949520196E-36    0.206762534342346953E+03    0.675115346908569336E+00    0.284223878322791279E+00    0.758262427794142210E-02
    0.476835392868104010E-34    0.198612885306257255E+03    0.900668978691101074E+00    0.928420899290784973E-01    0.516468698827599396E-02
    0.736790482475301171E-34    0.197722620857309181E+03    0.844582855701446533E+00    0.101103382184518864E+00    0.187033087377686189E-01
    0.118282325653264113E-33    0.196755909092157395E+03    0.878451933247087702E+00    0.980512835317772363E-01    0.134665469692253001E-01
    0.875396142817680342E-33    0.192732704769172869E+03    0.272364616394042969E-01    0.301198897070605653E+00    0.649544393460559696E-02
    0.102094557695040688E-31    0.187799918594147726E+03    0.218452811241149902E-01    0.256360399220756818E+00    0.283162758093350730E+00
    0.452175750769479271E-31    0.184803575567515054E+03    0.387279093265533447E+00    0.379810855308058137E+00    0.193326028337890643E+00
    0.622113888656856112E-31    0.184145471080877087E+03    0.689703524112701416E+00    0.283460402418619140E+00    0.209409980704132644E-01
    0.497730951809263403E-30    0.179966427901070716E+03    0.788364231586456299E+00    0.107353986646355537E+00    0.176819210508341457E-01
    0.554753635674576687E-30    0.179729499017297854E+03    0.754943192005157471E+00    0.144067549436652342E+00    0.891908950353503399E-01
    0.616726308379972384E-30    0.179497696566275778E+03    0.491509437561035156E+00    0.228004996467461751E+00    0.243386598814738259E+00
    0.113794017781610880E-28    0.173647426971365718E+03    0.219693925493464781E+00    0.147596625394141451E+00    0.671367370712667166E-01
    0.907969778067596023E-28    0.169473784688376696E+03    0.529020965099334717E+00    0.217719516633199106E+00    0.218567275402758304E+00
    0.272181124573864978E-26    0.162652931016657931E+03    0.669024586677551270E+00    0.269203377290907042E+00    0.529339069067185069E-02
    0.578469169726348930E-26    0.161125096000879381E+03    0.824160635471343994E+00    0.116981927584802747E+00    0.264524480816626453E-01
    0.273247366221992646E-25    0.157999941341777372E+03    0.805046993626200025E+00    0.129261239280631712E+00    0.481342778360848433E-01
    0.313848110855534461E-25    0.157702878027401454E+03    0.680911719799041748E+00    0.131560836691253513E+00    0.466877858293574810E-01
    0.731480691926797696E-25    0.155990554668507826E+03    0.209136724472045898E+00    0.297736933361704814E+00    0.352877278615086887E+00
    0.206328162916260089E-24    0.153896590282109315E+03    0.799735903739929199E+00    0.125336637861707345E+00    0.371208055047428931E-01
    0.431893214354575868E-24    0.152399169394998353E+03    0.396592253545997808E+00    0.282890478991244698E+00    0.215007988840617142E-01
    0.174135512525222791E-23    0.149590688338962991E+03    0.597524702548980713E+00    0.294141339033124893E+00    0.596624821768368188E-01
    0.310501537942879152E-23    0.148413978237441057E+03    0.376850485801696777E+00    0.252317778670409609E+00    0.265572291500156876E+00
    0.202419908395901069E-22    0.144644497171977946E+03    0.690251827239990234E+00    0.262250821178980686E+00    0.576459019230785019E-02
    0.224525592053951618E-22    0.144417206367467315E+03    0.342551648616790771E+00    0.384834869405235480E+00    0.228461569582556284E+00
    0.604402453129523889E-22    0.142416705182059559E+03    0.485019803047180176E+00    0.305639405633527872E+00    0.804437004137172201E-01
    0.622464238926952742E-22    0.142337813402046237E+03    0.359225273132324219E+00    0.149120532710128373E+00    0.550981148824096767E-01
    0.768689966601747454E-22    0.141895810312717828E+03    0.556889593601226807E+00    0.223189226068441826E+00    0.211654599422104461E+00
    0.910186554519768541E-21    0.136932716407487675E+03    0.852984666824340820E+00    0.120611370518432182E+00    0.179033212810571773E-01
    0.124782880421391995E-20    0.136281694847603291E+03    0.619541227817535400E+00    0.119163042498755090E+00    0.333409806084871948E-02
    0.699784440694758979E-20    0.132813300696923761E+03    0.515972793102264404E+00    0.261687092831497381E+00    0.209931582982055736E-02
    0.916419942215843446E-20    0.132253895964798176E+03    0.497648596763610840E+00    0.314632433692338509E+00    0.107347540630808494E+00
    0.101243112744828094E-19    0.132034625839646111E+03    0.615137618333230107E+00    0.156373762129755123E+00    0.741901877962760359E-01
    0.233921905052206987E-19    0.130339700561322985E+03    0.417659496742384395E+00    0.239455698957907415E+00    0.228515593945403772E+00
    0.888022481895924091E-19    0.127651681082201449E+03    0.851999163627624512E+00    0.115965811893374848E+00    0.129315806557567530E-02
    0.366195766895273717E-18    0.124798168871196722E+03    0.711852606802182097E+00    0.130907512718213132E+00    0.222740642276068081E-01
    0.213217566325053473E-17    0.121254708665384896E+03    0.477026820182800293E+00    0.338200627444201984E+00    0.162449844029188134E+00
    0.230743361566607037E-17    0.121076722622415346E+03    0.828762048368463566E+00    0.120471286734575148E+00    0.374048063783953338E-02
    0.277197651531667305E-17    0.120689873240125635E+03    0.738932073116302490E+00    0.137231747056777209E+00    0.326673894544132204E-01
    0.424805696729849759E-17    0.119816071070031740E+03    0.623397350311279297E+00    0.273693781934753133E+00    0.440423305613509702E-01
    0.453149058999991052E-17    0.119666892590622311E+03    0.531093530260697277E+00    0.202789613574486050E+00    0.152430126431761293E+00
    0.764593198769165604E-17    0.118600646978321620E+03    0.541768074035644531E+00    0.254308206778546264E+00    0.619092626155019125E-03
    0.314681158039822503E-16    0.115751044785462000E+03    0.383065463444296261E+00    0.357870769252024323E+00    0.200694633366521019E+00
    0.588370420819317624E-16    0.114479451210616745E+03    0.693974614143371582E+00    0.179413294580463401E+00    0.109323292054517671E+00
    0.147193020732551082E-15    0.112625504875155130E+03    0.381153881549835205E+00    0.257102925377097336E+00    0.247003425179754460E+00
    0.228665229815430113E-15    0.111724476347629107E+03    0.382237076759338379E+00    0.170383978774857781E+00    0.733702955812442770E-01
    0.648659846696678881E-15    0.109619177538104751E+03    0.579298734664916992E+00    0.188022407985116047E+00    0.116594433209114404E+00
    0.701493001424967512E-15    0.109442572612679569E+03    0.674956321716308594E+00    0.142466144866602917E+00    0.303610982703051528E-01
    0.112948196372054216E-14    0.108469965723681881E+03    0.671544551849365234E+00    0.192462919505288710E+00    0.128826000278031316E+00
    0.181341649253954918E-14    0.107503058638519761E+03    0.832260406572312372E+00    0.130260650701623099E+00    0.117453752643910409E-01
    0.528463440089888417E-14    0.105343877020161599E+03    0.689923766645599956E+00    0.253256816941394014E+00    0.205222236059241538E-01
    0.109028972881837979E-13    0.103875426780188391E+03    0.516750812530517578E-01    0.254426076587563443E+00    0.217081784874606248E+00
    0.190327794389175157E-13    0.102741158447953694E+03    0.297700345516204834E+00    0.376481056571922323E+00    0.244618043662521767E+00
    0.235512854869469996E-13    0.102295123091717542E+03    0.804321944713592529E+00    0.149892289197836703E+00    0.444495222841114548E-01
    0.356741295678417718E-13    0.101444632372276956E+03    0.284435126084210815E-01    0.208871657562816587E+00    0.122433784749283167E+00
    0.385483164529883525E-13    0.101269659045971949E+03    0.548073759793757054E+00    0.200983482753653159E+00    0.133195369113374734E+00
    0.435529840038059829E-13    0.101005527460564281E+03    0.374156165034027266E+00    0.290479995220592702E+00    0.789150554282551792E-01
    0.496499609191717932E-13    0.100723488693800064E+03    0.740129947662353516E+00    0.245511197002088011E+00    0.128805396183739613E-01
    0.858376208938500397E-13    0.996085691358299670E+02    0.171450376510620117E-01    0.494967166336479636E+00    0.470000745833852873E+00
    0.156678491470155768E-12    0.983850921392153310E+02    0.710839259191075601E+00    0.138517594377274816E+00    0.134349251880167692E-01
    0.184203439223950852E-12    0.980414023109555188E+02    0.740853667259216309E+00    0.167969703108809654E+00    0.733670203153878320E-01
    0.218182877450271875E-12    0.976828167035163375E+02    0.697163105010986328E+00    0.187946456983070220E+00    0.110787812658061854E+00
    0.905454472043826635E-12    0.948166099071205650E+02    0.375789701938629150E+00    0.259939929436850292E+00    0.235286534141136205E+00
    0.126062960509873405E-11    0.941347507770688026E+02    0.363535020055899827E+00    0.356527803045556202E+00    0.217766852580552922E+00
    0.206711606156995771E-11    0.931256644847825470E+02    0.749190860095486966E+00    0.144897648652480449E+00    0.227781183409754284E-01
    0.212986961208395872E-11    0.930458518168375122E+02    0.471698582172393799E+00    0.273137889275258061E+00    0.588184132446175276E-01
    0.412326363696105227E-11    0.917046833532172059E+02    0.492208659648895264E+00    0.320287632698690317E+00    0.156029854725596689E+00
    0.655089928481439929E-11    0.907587686713356021E+02    0.703635454177856445E+00    0.247601361512963081E+00    0.250519501465878008E-01
    0.654488856350640978E-11    0.907406045965352774E+02    0.474255809463763389E+00    0.157659866464315485E+00    0.318199205333948715E-01
    0.804539462830435931E-11    0.903077736788478802E+02    0.624556362628936768E+00    0.255662479568634637E+00    0.365503174234165437E-01
    0.110462431745984686E-10    0.896537925706510492E+02    0.807675688597188191E+00    0.138019429872879129E+00    0.817645451295400706E-02
    0.118441421877303037E-10    0.894943065121439219E+02    0.167240500450134277E-01    0.264829310983845545E+00    0.220982382414348144E+00
    0.170204615291270792E-10    0.887491408632695311E+02    0.351392209529876709E+00    0.364548065858627979E+00    0.239188008844217537E+00
    0.286627069324153081E-10    0.876867796070047376E+02    0.501895368099212646E+00    0.179954243955474880E+00    0.745966866541295515E-01
    0.305604876535581863E-10    0.875385574997227565E+02    0.461451470851898193E+00    0.260976287783449834E+00    0.396004142613298263E-01
    0.351249222957627466E-10    0.872401515117022797E+02    0.686123598644122423E+00    0.153300330117742578E+00    0.299244275556386739E-01
    0.746425820699409945E-10    0.857125510433857016E+02    0.357094764709472656E+00    0.275688064548660350E+00    0.649246132696482819E-01
    0.791381047100721442E-10    0.855755843683661084E+02    0.854938745498657227E+00    0.138309218615432883E+00    0.609836094109785214E-02
    0.795214622362522093E-10    0.855459194416404358E+02    0.854183087775756023E+00    0.135292497953329927E+00    0.813244324904356181E-04
    0.887375943509393131E-10    0.853066060693169135E+02    0.850992059992129679E+00    0.137715921029941762E+00    0.437192511206677212E-02
    0.216959517552474001E-09    0.834985517804062880E+02    0.497538186777265690E+00    0.179877894261905813E+00    0.692605328903610068E-01
    0.264533694456855978E-09    0.830820360776928197E+02    0.841915595195270594E+00    0.140974417156337378E+00    0.793997837560769630E-02
    0.411241615652429792E-09    0.821796115137637031E+02    0.245961658263323196E+00    0.321440223268363523E+00    0.336320739985111306E+00
    0.499173852538519414E-09    0.817720644686556994E+02    0.394017219543457031E+00    0.220763832755949352E+00    0.143728994236830027E+00
    0.764313026640550983E-09    0.809000184905894457E+02    0.118407713179690219E+00    0.397697001835755959E+00    0.477517587794623888E+00
    0.109912053306188029E-08    0.801534420953540945E+02    0.599255051343718856E-01    0.277308910159450139E+00    0.568534694280793326E-01
    0.207799835853920048E-08    0.788596525790936909E+02    0.492309927940368652E+00    0.244925971059267056E+00    0.193096174976622015E+00
    0.238667636441849090E-08    0.785626592734003140E+02    0.342536568635210259E+00    0.195675523129158702E+00    0.868194229254345140E-01
    0.467503445975628917E-08    0.771979897170316605E+02    0.805070368066314379E+00    0.151752321744033358E+00    0.204014679197913953E-01
    0.520490158181925440E-08    0.769632611976081904E+02    0.498849396085437435E+00    0.225175187571373059E+00    0.151678320502972863E+00
    0.867104499317459343E-08    0.759224841579858918E+02    0.391618497942214816E+00    0.244736024305455768E+00    0.173923212720886837E-01
    0.128449251049096870E-07    0.751165651848715612E+02    0.585890481042150246E+00    0.170145062214958065E+00    0.435173363545362443E-01
    0.142681954912428393E-07    0.748863968470413965E+02    0.345777888538272904E+00    0.346759864393015149E+00    0.220365220007273099E+00
    0.202522920386710299E-07    0.741659268361158865E+02    0.514328896999359131E+00    0.290639018450455922E+00    0.119562974831292967E+00
    0.242042700004400464E-07    0.737894046568063828E+02    0.645091038228425395E+00    0.244649130134475201E+00    0.361663130883066522E-01
    0.285454613271110381E-07    0.734394668832327540E+02    0.856774370218049031E+00    0.142939821396397049E+00    0.861619146267255027E-04
    0.383669935191841100E-07    0.728280676921946366E+02    0.522581582918647980E+00    0.168359574248940408E+00    0.338094645385182760E-01
    0.422768093576286500E-07    0.726139853974481326E+02    0.681919928152666444E+00    0.160155187618961747E+00    0.251411230648162579E-01
    0.431043571286527685E-07    0.725552146136557354E+02    0.417248308658599854E+00    0.157038738978307890E+00    0.465819432550142708E-02
    0.437025281740771815E-07    0.725076508778366957E+02    0.706497550010681152E+00    0.175226404151324289E+00    0.564510544501679382E-01
    0.514918834939201395E-07    0.721596143982216205E+02    0.704569857525623622E+00    0.241008001437458125E+00    0.351039404854681450E-01
    0.529663954149342261E-07    0.720831474572336361E+02    0.852019906044006348E+00    0.143872956107244931E+00    0.189018444763175391E-04
    0.692502419450478962E-07    0.715270095068950837E+02    0.243917078655150443E+00    0.245577529937011180E+00    0.171782889136196132E+00
    0.135706992668979458E-06    0.701614665928668728E+02    0.260238245143266544E+00    0.326629927852521151E+00    0.181089233735158395E+00
    0.144237139847093508E-06    0.700195452854522955E+02    0.252114295959472656E+00    0.308278378650470586E+00    0.144205329932875270E+00
    0.167281200897884820E-06    0.697031103164737402E+02    0.552311564085315232E+00    0.248193932115426674E+00    0.190104745095039718E+00
    0.178696357196206314E-06    0.695510867107332160E+02    0.144348653973303070E+00    0.390652088281344900E+00    0.303597238531355840E+00
    0.249020318676089077E-06    0.688673937961117559E+02    0.515860676470293100E+00    0.256587353860615985E+00    0.588458971586815621E-01
    0.291731784938400954E-06    0.685307931137682687E+02    0.619229908562543452E+00    0.225696312322730297E+00    0.146974376470993928E+00
    0.512910107790375889E-06    0.673822615819250501E+02    0.252946456222419180E+00    0.248325827547890760E+00    0.287647998989728204E-01
    0.588451759812911476E-06    0.670874728807812062E+02    0.234781219143779335E+00    0.373189357902509344E+00    0.278058956918216749E+00
    0.814458206977890650E-06    0.664174165536711740E+02    0.179024957114277572E+00    0.223942986840300701E+00    0.117262619625326012E+00
    0.829077598985252186E-06    0.663618352720291114E+02    0.135438719733478374E+00    0.332825655879626758E+00    0.330836290771251151E+00
    0.103626252166892270E-05    0.658957112045732174E+02    0.378805696964263916E+00    0.283292427420825277E+00    0.108648404493236386E+00
    0.176051735390567904E-05    0.648157367927607453E+02    0.737735454589757755E+00    0.179481242139261282E+00    0.547177608128034815E-01
    0.218978502353160060E-05    0.643593454741577631E+02    0.424121780206914600E+00    0.280265940877313990E+00    0.239016377585794693E+00
    0.325866775730175386E-05    0.635443153297388932E+02    0.694453120231628418E+00    0.198386720073720824E+00    0.881240095262202094E-01
    0.328420210447024119E-05    0.635087047629127852E+02    0.724518656730651855E+00    0.229176952515466326E+00    0.264523584764765583E-01
    0.346547962428369917E-05    0.633812501410972260E+02    0.125784928924855210E+00    0.238551593912179727E+00    0.138584060099416206E+00
    0.389124772806595722E-05    0.631294925088033239E+02    0.692667475311275371E+00    0.201866928715835947E+00    0.944537229887305874E-01
    0.553746364683070848E-05    0.624038790857495229E+02    0.148251563487288157E+00    0.275736096288797694E+00    0.854085809756159609E-01
    0.570394865727795676E-05    0.623246348628500897E+02    0.742969303840033235E+00    0.176283226838827134E+00    0.443123005936308378E-01
    0.780550327971936114E-05    0.616772941594459922E+02    0.478397799116788813E+00    0.197006935210737755E+00    0.713991049568150071E-01
    0.812316520484538715E-05    0.615775124630914803E+02    0.241174703081401431E+00    0.276428527320374928E+00    0.936058877867810141E-01
    0.813908236233030209E-05    0.615535973431175449E+02    0.990875428266790870E-01    0.282630132486306196E+00    0.222172152297775621E+00
    0.875224889086925055E-05    0.613883308597443289E+02    0.558971890663343518E+00    0.228756043670083425E+00    0.138215494613252027E+00
    0.949783587597829399E-05    0.612048242863821912E+02    0.736226987428553969E+00    0.163412574012605505E+00    0.159011762434310942E-01
    0.978140504591295969E-05    0.611259859487278305E+02    0.124771582843252501E+00    0.261190124116495059E+00    0.578434422700010720E-01
    0.182216032807178860E-04    0.598617364594180259E+02    0.735615199826169852E+00    0.191521857936570089E+00    0.698959449721657661E-01
    0.197933910240510919E-04    0.596762560360016323E+02    0.298746407410303449E+00    0.364719952634369071E+00    0.278294369516804641E+00
    0.210534897617129863E-04    0.595328195650519234E+02    0.430913074816364983E+00    0.200613106452496415E+00    0.719622168722906103E-01
    0.222908913852339749E-04    0.593985959527099112E+02    0.265910299414900131E+00    0.374286770820795867E+00    0.296276438869027658E+00
    0.275453209678110568E-04    0.589552868599444082E+02    0.210709182554291441E+00    0.409906502801020256E+00    0.366276419160255662E+00
    0.276542097519198970E-04    0.589273962910261986E+02    0.494141593891069819E+00    0.260759801325207763E+00    0.194054891584912403E+00
    0.301276483205234817E-04    0.587360656286329146E+02    0.811576698344193659E+00    0.166388606661375421E+00    0.208320204734401514E-01
    0.609096070454025478E-04    0.573081703997751362E+02    0.341073949615135263E+00    0.210478327438412660E+00    0.823919052401912710E-01
    0.651923013717502366E-04    0.571522694569549827E+02    0.770545871458320875E+00    0.166637746694206779E+00    0.160898131020217224E-01
    0.662591096174562427E-04    0.570998063084895335E+02    0.323395049065897056E+00    0.272779820183837174E+00    0.205612794358759648E+00
    0.760262470536693586E-04    0.568047949533680736E+02    0.771821178633967042E+00    0.209598011196203138E+00    0.366755779734343184E-02
    0.762681436030907721E-04    0.567784415544857808E+02    0.773341894149780273E+00    0.172177356255289737E+00    0.262978118372322357E-01
    0.879535099060000086E-04    0.564733354699207126E+02    0.639338144980015066E+00    0.172119140518724650E+00    0.189612682325069580E-01
    0.946254350620604297E-04    0.563070996076427406E+02    0.481345236301422119E+00    0.264583883449166279E+00    0.950882820275676804E-01
    0.111570544349897031E-03    0.559576380754521239E+02    0.718378407355013571E+00    0.221053134589093231E+00    0.246225401889446603E-01
    0.132418019403914190E-03    0.555950247617175961E+02    0.270510554313659668E+00    0.304637340433259851E+00    0.262814251300105384E+00
    0.152095630553777039E-03    0.552979332838450688E+02    0.615315280855994962E+00    0.220293028060007418E+00    0.111900007210422564E+00
    0.155747685165942508E-03    0.552304776365177901E+02    0.398051023483276367E+00    0.281465091247866894E+00    0.222543861115917008E+00
    0.175958028744476646E-03    0.549664612395237242E+02    0.136002032256370559E+00    0.270637279039287748E+00    0.898478358436693159E-01
    0.176770422561412541E-03    0.549372485406285165E+02    0.643707048984677788E+00    0.225238322392055684E+00    0.122122261405079341E+00
    0.179317760982812861E-03    0.548886333605261285E+02    0.414604639818322407E+00    0.241365759198627849E+00    0.143086123243328145E+00
    0.215776664303104484E-03    0.544984644042011865E+02    0.186827835757010674E+00    0.193264747862408603E+00    0.316771138543045852E-01
    0.219271281298202662E-03    0.544463328454045410E+02    0.658500432968139648E+00    0.192447723476021793E+00    0.561020291344504068E-01
    0.230964679692546800E-03    0.543224226325015849E+02    0.385545776207527724E+00    0.269351879745067690E+00    0.195983605742074851E+00
    0.235949567767170627E-03    0.542597160540609735E+02    0.831763321514963350E+00    0.161049529628035620E+00    0.599066412079564468E-03
    0.268552475822111990E-03    0.539808595555738435E+02    0.675604281926687422E+00    0.221241061517270826E+00    0.268671612220589655E-01
    0.267898720449707950E-03    0.539657342260048978E+02    0.371534228324890137E+00    0.285821032203635639E+00    0.227050040515302781E+00
    0.303834445705061134E-03    0.536939862934988383E+02    0.484513299988709567E+00    0.257420068922176060E+00    0.871327490593656884E-01
    0.313933618389398679E-03    0.536085891123249354E+02    0.624548212966229310E+00    0.169611312510215884E+00    0.628520963998321393E-02
    0.322835025569645788E-03    0.535326693546527537E+02    0.721597664109135950E+00    0.226306983612869356E+00    0.411871381879118162E-01
    0.324268190948861547E-03    0.535038103801590665E+02    0.136496630768104227E+00    0.276611007576892942E+00    0.195027981534626554E+00
    0.344925267452576086E-03    0.533602966716616720E+02    0.102297365665435791E+00    0.380242987852714265E+00    0.395811899808595047E+00
    0.352339145260204109E-03    0.532977638414337349E+02    0.706060462912374454E+00    0.205355631665259247E+00    0.814994516066514241E-01
    0.395450157791242844E-03    0.530469027146715604E+02    0.541653096675872803E+00    0.250660511725708801E+00    0.163307189933769220E+00
    0.471231243571863432E-03    0.526762543535738956E+02    0.483026081568723564E+00    0.272852907300079217E+00    0.120381108361245701E+00
    0.518248834912747028E-03    0.524660412202457707E+02    0.733098853488817759E+00    0.182576635023863287E+00    0.347566632884004703E-01
    0.534734942765991285E-03    0.523834098465446374E+02    0.571341783412458781E+00    0.188031846445916334E+00    0.377640901298013920E-01
    0.560820583747724814E-03    0.522681501480270896E+02    0.787386781608573783E+00    0.164466173246992226E+00    0.326687158573086504E-03
    0.569213231393833185E-03    0.522184420035509902E+02    0.363654851913452148E+00    0.293682874931988636E+00    0.156504878075587855E+00
    0.575411522153020973E-03    0.521767812756085192E+02    0.698862791061401367E+00    0.168265092331836286E+00    0.322839368135417575E-02
    0.637949705080940533E-03    0.519504333304844295E+02    0.524060424076241635E-01    0.354467086236165796E+00    0.339369635311209283E+00
    0.637154317283012599E-03    0.519329284615079274E+02    0.577973310104430871E+00    0.259535017922479017E+00    0.102166323000439471E+00
    0.760907276971125083E-03    0.515579292130893378E+02    0.556349754754907000E+00    0.248248939385901701E+00    0.155143887372540368E+00
    0.784841177151699549E-03    0.514759894762105432E+02    0.495934081183351361E+00    0.300607263889278609E+00    0.181509386499578373E+00
    0.990107038474484719E-03    0.509913261127254742E+02    0.434494558763154792E+00    0.256880367867668935E+00    0.164899980921186684E+00
    0.111014664112755253E-02    0.507424574372268040E+02    0.134453773498535156E+00    0.259005840479744620E+00    0.151943442237664733E+00
    0.114166534542749112E-02    0.506664656171606111E+02    0.645402642115153330E-01    0.370266829151136345E+00    0.366805589285469635E+00
    0.118335616381414518E-02    0.505747324526775088E+02    0.721943676471710205E+00    0.173151980462488808E+00    0.946809377414567326E-02
    0.120422338353334368E-02    0.505197719403251000E+02    0.727862623832652433E+00    0.170698792162121166E+00    0.476284436310636921E-02
    0.124517178493241463E-02    0.504328946681443995E+02    0.270254766337140878E-01    0.325140271732668296E+00    0.275688813863967597E+00
    0.125214506787568692E-02    0.504017253989200071E+02    0.236740135091584536E+00    0.296582101099953144E+00    0.160012141125317697E+00
    0.127800826518351378E-02    0.503408360222434936E+02    0.643483648763984339E+00    0.213894228812691878E+00    0.206403100173366931E-01
    0.132507016280203251E-02    0.502485108464831143E+02    0.512427926063537598E+00    0.281588210227354807E+00    0.146881166452428852E+00
    0.141579887918105263E-02    0.500960537672577999E+02    0.663265318359753997E+00    0.195442909537699688E+00    0.502458471987088720E-01
    0.145973191466533471E-02    0.500149360711362903E+02    0.607252894319223913E+00    0.229297686268074313E+00    0.115025341873038645E+00
    0.153276976785409152E-02    0.498972888595464070E+02    0.746109977375452371E+00    0.215969275199827865E+00    0.332350496681642002E-01
    0.153412167420529820E-02    0.498755256325599845E+02    0.640328993342351160E+00    0.197733923234401338E+00    0.527887631298218224E-01
    0.164915998642323224E-02    0.497109095503916620E+02    0.800925631690578066E+00    0.172565616519763293E+00    0.862719792126911619E-02
    0.164059709800138884E-02    0.497013211492303526E+02    0.238577127456665039E+00    0.338457798960831724E+00    0.310442131469754579E+00
    0.166087524492272796E-02    0.496567522298810218E+02    0.226021735528011830E+00    0.340882100638446373E+00    0.251001544801156606E+00
    0.187220883152781729E-02    0.493972038143980541E+02    0.639777913657045172E+00    0.225110158907593699E+00    0.106218237397442863E+00
    0.198946778334696366E-02    0.492557073538474839E+02    0.543744955047765322E+00    0.262010736731943972E+00    0.113143209721477331E+00
    0.200112406219539593E-02    0.492240235611171926E+02    0.730609193961785475E+00    0.210119920261564924E+00    0.232863894195582226E-01
    0.207414306346540706E-02    0.491323454948320801E+02    0.741403076028208319E+00    0.189955242472007652E+00    0.393887315177322631E-01
    0.212930958042627802E-02    0.490598460956089184E+02    0.158558368682861328E+00    0.421066576159375927E+00    0.415181985435600420E+00
    0.211981036729329926E-02    0.490487883980855628E+02    0.151777893207105774E+00    0.195641042838643336E+00    0.167438009341008449E-01
    0.217147673646560149E-02    0.489806267490358920E+02    0.435886278168142349E+00    0.243420237491905500E+00    0.131432880080857656E+00
    0.216066666571095977E-02    0.489706080374539852E+02    0.218333938309965447E+00    0.384839824184808721E+00    0.343414896796891134E+00
    0.216343440282447614E-02    0.489480477480919944E+02    0.142432664186753877E+00    0.330688716464695054E+00    0.227773213718446610E+00
    0.221948373776118327E-02    0.488768924321076526E+02    0.782139089003712207E+00    0.174906465182526505E+00    0.938120548705013643E-02
    0.235874378217173228E-02    0.487351833054159584E+02    0.726000778925071644E+00    0.188581192446205331E+00    0.341764598503727021E-01
    0.237091035642376154E-02    0.487048936726165635E+02    0.547568677139750992E+00    0.264618573818372338E+00    0.177941047895048443E+00
    0.237594185316156777E-02    0.486806538114201430E+02    0.172444868318220673E+00    0.389857532391613693E+00    0.401713258979193799E+00
    0.248318011477785061E-02    0.485723615825263551E+02    0.440358663753401325E+00    0.298604516280996768E+00    0.183599574914995206E+00
    0.251784978749451920E-02    0.485246311119518765E+02    0.573073960459761778E+00    0.200616330207219556E+00    0.503492580337744494E-01
    0.249471181300260679E-02    0.485230952352286664E+02    0.698727878957660531E+00    0.200189540882538097E+00    0.408030713887658214E-02
    0.267402084650532898E-02    0.483642751193721239E+02    0.794384183742515959E+00    0.173612971451495485E+00    0.500917952762380565E-02
    0.298451346690150384E-02    0.481245681868778235E+02    0.466968655586242676E+00    0.280946411723782319E+00    0.150186699188811335E+00
    0.298723875510102047E-02    0.481027427337863998E+02    0.772783669936027318E+00    0.190159908810549838E+00    0.366436479649366459E-01
    0.300052027315907523E-02    0.480738702726354319E+02    0.435595160701001821E-01    0.449814611483328963E+00    0.481023377012971709E+00
    0.345197329931898333E-02    0.477735495919770443E+02    0.733772104112365930E+00    0.215481046422173111E+00    0.402225045508469992E-01
    0.345336679020939730E-02    0.477527423958701007E+02    0.819024490944359473E+00    0.173417548997180815E+00    0.241805073215565309E-02
    0.344362410189851453E-02    0.477383927990349548E+02    0.783928732388333993E-01    0.436018185456372720E+00    0.477403620610822421E+00
    0.349281409701204717E-02    0.476900261830202368E+02    0.795683471009352994E+00    0.179436090816279814E+00    0.136025357098382392E-01
    0.348290854136640857E-02    0.476757062037533075E+02    0.818132651554285828E+00    0.173142945506333773E+00    0.135716110565597872E-02
    0.367084381983103425E-02    0.475505985500763018E+02    0.300714327367012868E+00    0.318529938088989106E+00    0.218938828117275081E+00
    0.395297651877237876E-02    0.473825039802842554E+02    0.729820662640452866E+00    0.201515202504528590E+00    0.542605473625660528E-01
    0.394445212796064662E-02    0.473668215345179675E+02    0.682014419733606436E+00    0.199170203019292974E+00    0.472130291883654449E-01
    0.400968672217271328E-02    0.473140154404315041E+02    0.451726553192274116E+00    0.184477312941276922E+00    0.478354448993281983E-02
    0.396993963116124785E-02    0.473139398920180980E+02    0.455267266737193532E+00    0.289831080989688517E+00    0.170713357984990183E+00
    0.399530825303131849E-02    0.472812001967737530E+02    0.540552496089600765E+00    0.268315876806133669E+00    0.178864031689939473E+00
    0.396326641136111706E-02    0.472773045954372719E+02    0.119866657937879983E+00    0.429668548209510170E+00    0.443435701372523694E+00
    0.407976699524821660E-02    0.471993619131168458E+02    0.797207569576442676E+00    0.192243906075367288E+00    0.227527039198150045E-02
    0.408217597818776902E-02    0.471781813202029667E+02    0.700899171144839905E+00    0.185392565996935210E+00    0.191699040807114598E-01
    0.412285697101230121E-02    0.471383489434530389E+02    0.736897777759601413E+00    0.200040911780910463E+00    0.137230844257328431E-01
    0.413129667348551347E-02    0.471142590242303783E+02    0.686694126864268783E+00    0.189760811321425832E+00    0.265444933798020810E-01
    0.410002028571522514E-02    0.471094578258049665E+02    0.776549994945526123E+00    0.195870247130596198E+00    0.884049810042559711E-02
    0.408291031519775714E-02    0.470978215753157201E+02    0.474581488258662698E+00    0.296615356165097765E+00    0.188825175597160833E+00
    0.406185850042939042E-02    0.470881604134707601E+02    0.241505035266784962E+00    0.291494453100379414E+00    0.161309811636542288E+00
    0.411713552561075464E-02    0.470411263471088574E+02    0.261201756451494016E+00    0.281336288291922476E+00    0.142551419848191974E+00
    0.429806280111738864E-02    0.469351128490303751E+02    0.790740200401082949E+00    0.191706004266632812E+00    0.235004740414556604E-02
    0.430134731803348200E-02    0.469135850618773844E+02    0.324687096910866724E+00    0.244985949147921683E+00    0.120019971207907666E+00
    0.435524379760798483E-02    0.468686804890345599E+02    0.755973784674785598E+00    0.187829704162997574E+00    0.235097711154739347E-01
    0.435603322568363632E-02    0.468483180034537696E+02    0.679614089752407224E+00    0.200487531317319556E+00    0.464612091393583615E-01
    0.432962141509063772E-02    0.468404814582969635E+02    0.778395806338750385E+00    0.196374877096508027E+00    0.116000044422302287E-01
    0.438524421108696470E-02    0.467949510353647753E+02    0.722543058148252482E+00    0.211461885682427936E+00    0.364434238304558247E-01
    0.435688753233471823E-02    0.467879258012623183E+02    0.622544522597922811E+00    0.243531172022034476E+00    0.924925857712356886E-01
    0.436321628401585386E-02    0.467650227382137018E+02    0.208101746869101517E+00    0.335578592319651758E+00    0.290735012914150603E+00
    0.447745319533242488E-02    0.466933328654831712E+02    0.107041326393795960E+00    0.425489308257446797E+00    0.441979020896596575E+00
    0.470237698202284355E-02    0.465753054252155749E+02    0.502458691627791443E+00    0.252689892510335190E+00    0.103296800057305363E+00
    0.485530816465984220E-02    0.464912965218773024E+02    0.150418738802420682E+00    0.414058132500304932E+00    0.423872784582134288E+00
    0.483952414050690082E-02    0.464778088730360111E+02    0.390275512611850672E+00    0.289772569791019452E+00    0.170282090931665214E+00
    0.495870775614834502E-02    0.464091513211566422E+02    0.765269766811332963E+00    0.183044164762493550E+00    0.101701614053168916E-01
    0.494764055484996426E-02    0.463936200539551464E+02    0.144035782601060341E+00    0.391667518620847976E+00    0.367653397018531336E+00
    0.490298443392850683E-02    0.463917534929547770E+02    0.550069670155538648E+00    0.261832991137997406E+00    0.161867538446654746E+00
    0.487528040585672590E-02    0.463830864247803589E+02    0.742115317685781761E+00    0.197980974719055514E+00    0.146517113158400290E-01
    0.497493029498126838E-02    0.463226189497651291E+02    0.742167904003707024E+00    0.193380394107370124E+00    0.684248057370629749E-02
    0.496360511277351476E-02    0.463071770407292576E+02    0.499022858499390043E+00    0.249112468963171713E+00    0.133862654805618847E+00
    0.492684779971548636E-02    0.463020428846354122E+02    0.728071162572877184E+00    0.189614354083250919E+00    0.216787436869759972E-01
    0.496818484184971196E-02    0.462653325678108018E+02    0.754612173510069928E+00    0.192291442779845612E+00    0.592476913941173636E-02
    0.493094183306377887E-02    0.462603816466759241E+02    0.782329830505124946E+00    0.183267912638772179E+00    0.932989139018509592E-02
    0.496511949655171255E-02    0.462265669386871565E+02    0.744367716766622500E+00    0.189764246472544890E+00    0.170328787948476014E-02
    0.500775402968242200E-02    0.461894666344461626E+02    0.715841228235904903E+00    0.194397037502815312E+00    0.307647658656721203E-01
    0.502578604894305964E-02    0.461622779299479049E+02    0.340654562170480013E+00    0.295902196736969270E+00    0.218558788716542829E+00
    0.507375924632121316E-02    0.461232776455650679E+02    0.745081229301500114E+00    0.189637768221627756E+00    0.201708521391684194E-01
    0.505060248696839655E-02    0.461124265876293435E+02    0.204395801779531344E+00    0.231255360480369015E+00    0.793488137358811241E-01
    0.504846157416848768E-02    0.460932745524779790E+02    0.747845804625602906E+00    0.199818214762083807E+00    0.414454680123168828E-01
    0.505589630037865841E-02    0.460703313758232440E+02    0.406692063982901197E+00    0.272756668385228274E+00    0.139691187380548920E+00
    0.508071466603728615E-02    0.460405378006991128E+02    0.705780684947967529E+00    0.200403686593745078E+00    0.199281859392074004E-01
    0.504624689874369568E-02    0.460341521114352332E+02    0.783997295098021518E+00    0.192812151413341043E+00    0.126939468544073585E-01
    0.503120581482992876E-02    0.460201223086707074E+02    0.579549240340914262E+00    0.209785510872693814E+00    0.286215190940730980E-01
    0.500867035122867007E-02    0.460091007068400728E+02    0.676067176905740475E+00    0.209299788781686869E+00    0.586426818289225577E-01
    0.504278712772314539E-02    0.459755238071385435E+02    0.487540604029460367E+00    0.234436659009875092E+00    0.101549706034324713E+00
    0.505261711855910321E-02    0.459516289679809233E+02    0.147936441328829160E+00    0.331937693862932537E+00    0.245597450632015962E+00
    0.503993531559046581E-02    0.459366551730864927E+02    0.587243528032964535E+00    0.206439212330733562E+00    0.230087991672169936E-01
    0.499796600527513835E-02    0.459333796072238698E+02    0.794141232967376709E+00    0.184688470985978626E+00    0.415302434181106378E-02
    0.495095956857247426E-02    0.459322788486107498E+02    0.782171242844824199E+00    0.191269632195579548E+00    0.129818117305054558E-01
    0.490331824995307239E-02    0.459316173290873309E+02    0.785611122876918477E+00    0.186594856797577535E+00    0.354920520084731420E-02
    0.486002240200862634E-02    0.459293555739346999E+02    0.806755798644416156E+00    0.184066072444294487E+00    0.528305641570617733E-02
    0.485630879367698887E-02    0.459108843849386545E+02    0.780038868193923318E+00    0.183439603189912481E+00    0.430132456932243428E-02
    0.481143550096555916E-02    0.459094507075874390E+02    0.875413538197642727E-01    0.397859451739281500E+00    0.391767375674901108E+00
    0.477055462251578521E-02    0.459065165262615125E+02    0.446005113288499566E+00    0.199814607844798098E+00    0.267657661373665659E-01
    0.479837909141451243E-02    0.458748853254811735E+02    0.798395666246180413E+00    0.187046128125867905E+00    0.664124952105794083E-02
    0.475799631184917107E-02    0.458717883952055132E+02    0.363249226409296133E+00    0.280006935210713848E+00    0.152579933726675887E+00
    0.472842423150175630E-02    0.458642576615648068E+02    0.121112934216020179E+00    0.349531439828125567E+00    0.307222203009603234E+00
    0.468930782379995813E-02    0.458608716966265462E+02    0.477270815995315789E+00    0.208717257288449448E+00    0.479103712591446296E-01
    0.464355014162880914E-02    0.458604832878399975E+02    0.868698482274695427E-01    0.354411558612238220E+00    0.288997717779085561E+00
    0.465049598731394689E-02    0.458374939129727323E+02    0.777157329598268332E+00    0.191747980074573138E+00    0.158553895625121073E-01
    0.465131046252188936E-02    0.458171436690864908E+02    0.757345095171673699E+00    0.194073408003803044E+00    0.164378679677822138E-01
    0.460916370990529286E-02    0.458153488032268257E+02    0.711709007643593794E+00    0.188365664271774702E+00    0.132182459481136223E-01
    0.456784558995578828E-02    0.458133583302052472E+02    0.711967709781298197E+00    0.184221493797487867E+00    0.509100472381823332E-02
    0.452650617119750714E-02    0.458115409141097558E+02    0.760505596182019183E+00    0.202196819267780659E+00    0.315546730033702053E-01
    0.448461982391439896E-02    0.458101342170927097E+02    0.336360765286331853E+00    0.274578622298248032E+00    0.140464391626052093E+00
    0.444686832373074326E-02    0.458070414667610208E+02    0.762808899670801455E+00    0.192281817863502208E+00    0.166860048656956063E-01
    0.441161809152926850E-02    0.458029585959894945E+02    0.748171923135702244E+00    0.188254947839254699E+00    0.141265605837151594E-01
    0.437548702706208603E-02    0.457994060005013495E+02    0.744749234144023609E+00    0.206461596995377250E+00    0.374915364161766129E-01
    0.434847620906963703E-02    0.457917906947383386E+02    0.424044213290851291E+00    0.212125400935379071E+00    0.256142891209258684E-01
    0.430837679085512796E-02    0.457903192316163228E+02    0.698148594474222284E+00    0.182600015479504107E+00    0.516011998121433950E-03
    0.426735660597047772E-02    0.457894525212538070E+02    0.597441740973240765E+00    0.196324894830580327E+00    0.264482679199666663E-01
    0.422609235895231132E-02    0.457888861208931672E+02    0.681646537243054129E+00    0.195544468180818304E+00    0.112115506446258863E-01
    0.424379945672452401E-02    0.457605237361286896E+02    0.744545479780770236E+00    0.189404743503290396E+00    0.145527939684600965E-01
    0.430336140384176852E-02    0.457126487903962158E+02    0.737270868371988852E+00    0.208954182327479115E+00    0.432943834031508726E-01
    0.428428158309330197E-02    0.457015359097942024E+02    0.650617331311429070E+00    0.213121928299061986E+00    0.627545788221094275E-01
    0.424186826341102670E-02    0.457014340679543238E+02    0.231196903667824777E-01    0.390343438179298285E+00    0.363959420883746831E+00
    0.421387204327223867E-02    0.456946777681738610E+02    0.863970022497839996E-01    0.249955296334083366E+00    0.830709606389423982E-01
    0.417659354055230272E-02    0.456924497249939492E+02    0.583794207379765062E+00    0.239296068109098647E+00    0.113504126302039446E+00
    0.414805728591427676E-02    0.456861614671471585E+02    0.750745858256583021E+00    0.200769758896700817E+00    0.373105081604833827E-01
    0.410731018995150274E-02    0.456859049501531445E+02    0.122309563064809779E+00    0.385638189476501969E+00    0.365062046761579440E+00
    0.407991114077023865E-02    0.456792912507600164E+02    0.593303368496436945E+00    0.245353172245993234E+00    0.125239709601132454E+00
    0.405203552183492233E-02    0.456730029629872121E+02    0.750987636621129662E+00    0.201843482827501502E+00    0.377711764646568790E-01
    0.401398619417098809E-02    0.456718720467739701E+02    0.425416014195621528E+00    0.245079778028204104E+00    0.118054933282421615E+00
    0.397923448500687223E-02    0.456692627479798290E+02    0.666852804192269666E+00    0.218725179828054145E+00    0.736551087597067250E-01
    0.395036836923666739E-02    0.456638240034731098E+02    0.261837481441012043E+00    0.363594694987193712E+00    0.332484189220399795E+00
    0.393278662942974505E-02    0.456527451874212602E+02    0.296707190048574709E+00    0.324665616341188012E+00    0.265612235429132315E+00
    0.391090691568428666E-02    0.456439030789780560E+02    0.593605452219578500E+00    0.200423618814961346E+00    0.340960084204176006E-01
    0.387367925049232750E-02    0.456430321364238267E+02    0.689472618596496445E+00    0.203081960496693442E+00    0.424895799501260746E-01
    0.384586789496898802E-02    0.456374430728825615E+02    0.585426641802829661E+00    0.195515677234895047E+00    0.216185969003020034E-01
    0.380855484366827458E-02    0.456369420465517948E+02    0.232899097470726235E+00    0.286097609530012120E+00    0.190480150672726861E+00
    0.378812446961627114E-02    0.456276996012494607E+02    0.724895828597400982E+00    0.198248836541388973E+00    0.301938899692177735E-01
    0.378397076824786224E-02    0.456098938165383885E+02    0.994147285132258168E-02    0.266225128108999121E+00    0.111974783657717639E+00
    0.374940749204738175E-02    0.456082460179159170E+02    0.134773790669023119E+00    0.371960150419414770E+00    0.333147112986803162E+00
    0.371365218181789322E-02    0.456074100527030168E+02    0.101858520816659942E+00    0.382986082204201606E+00    0.363233661122632778E+00
    0.368704447815697755E-02    0.456017913032957409E+02    0.703126676340361856E+00    0.191456673793998999E+00    0.161667505193379170E-01
    0.365235738306322975E-02    0.456006960336896014E+02    0.381218251583687717E+00    0.287892893879822365E+00    0.171495774251042454E+00
    0.362864255771102803E-02    0.455937244140801710E+02    0.571286565376409095E+00    0.186935442253469031E+00    0.178019448687391328E-02
    0.361735856634677047E-02    0.455799535052948528E+02    0.702615732592646314E+00    0.207995566505649682E+00    0.406251808125052197E-01
    0.359318456354259814E-02    0.455733639199835494E+02    0.671892056412970229E+00    0.195454019517957156E+00    0.131930856582566283E-01
    0.356729326506957743E-02    0.455678274303424047E+02    0.726791671675755757E+00    0.198094526416130068E+00    0.245974944494610354E-01
    0.353303603849372148E-02    0.455671265309498636E+02    0.172488093376159668E+00    0.215657618456539524E+00    0.280528132991134209E-01
    0.351973428966148192E-02    0.455546706669334895E+02    0.687599931655923369E+00    0.202441595440758376E+00    0.392802364690529870E-01
    0.349364304389342866E-02    0.455495515808758142E+02    0.641870615979149406E+00    0.238945086073783758E+00    0.948814226994093707E-01
    0.346460589711516682E-02    0.455462438927380759E+02    0.468381426545453505E+00    0.284961666005222602E+00    0.198120699026105851E+00
    0.344081825293543518E-02    0.455400230540208213E+02    0.365796039594776967E+00    0.338560770579066528E+00    0.289182705969167342E+00
    0.340815746827899000E-02    0.455390980419107478E+02    0.644333698611401551E+00    0.235330582474933714E+00    0.105317856594665096E+00
    0.337816177394391175E-02    0.455367782532918142E+02    0.708263046132428742E+00    0.205429408919782119E+00    0.447415733093337945E-01
    0.336010502179009095E-02    0.455274972087282919E+02    0.647069561499030277E+00    0.232174514662911224E+00    0.994007907312665501E-01
    0.332759791322740717E-02    0.455269402760378767E+02    0.452440034589141449E+00    0.296602619327235473E+00    0.219589837093486451E+00
    0.331353918772715490E-02    0.455154079503455620E+02    0.442574109018110895E+00    0.274532028481112966E+00    0.149689957753028513E+00
    0.328740834711614737E-02    0.455112426328497719E+02    0.702020967995621858E+00    0.217793264163272826E+00    0.698806512258234175E-01
    0.326752640363689537E-02    0.455033751743354884E+02    0.694789149884915913E+00    0.219681527137356031E+00    0.635181445654912774E-01
    0.325159425324761777E-02    0.454931508376172502E+02    0.663418867389181988E+00    0.187058046008247186E+00    0.303289467113380517E-03
    0.322711818107813096E-02    0.454882625987056599E+02    0.971743153913609548E-01    0.343237519050380302E+00    0.290527066574188586E+00
    0.319760806672452500E-02    0.454866355663613291E+02    0.691747494286893527E+00    0.204800011250679259E+00    0.392987456612691535E-01
    0.316965036810141869E-02    0.454841990930077742E+02    0.359582803145629626E+00    0.243658819384300340E+00    0.110255257449940774E+00
    0.313869460087146676E-02    0.454838277061257941E+02    0.431610139987385566E+00    0.313518419602262233E+00    0.245353676669185755E+00
    0.311912520196364800E-02    0.454763365116309615E+02    0.369097657695480974E+00    0.314692775722192231E+00    0.230549310526762669E+00
    0.308882234903264368E-02    0.454758618657753146E+02    0.477168295130410813E+00    0.262743236212768627E+00    0.129111052851617503E+00
    0.305814425802799269E-02    0.454758251079253029E+02    0.672454448640179780E+00    0.203223671623520175E+00    0.372747195828041292E-01
    0.303002217631461596E-02    0.454743017918514312E+02    0.600105037584373169E+00    0.192018015178028356E+00    0.103746410053583791E-01
    0.301553187603479994E-02    0.454638892195067825E+02    0.642263188708554367E+00    0.187812747978798711E+00    0.252920592414613210E-02
    0.298683298056968798E-02    0.454630144242179455E+02    0.659102864615830786E+00    0.189925015188052715E+00    0.710042577781283112E-02
    0.296608615485901986E-02    0.454569550871016332E+02    0.684452807822213849E+00    0.195989695968410010E+00    0.216694355865069653E-01
    0.293685607547972951E-02    0.454567623744852796E+02    0.148455842377094221E+00    0.236425627374104580E+00    0.631116225905739570E-01
    0.298277015127113541E-02    0.454057367692959275E+02    0.693348654346292115E+00    0.212251428288651373E+00    0.557447047797244577E-01
    0.296048936305512000E-02    0.454007325086164570E+02    0.569105579324563959E+00    0.243941991843821315E+00    0.119606896131660062E+00
    0.293799086920316097E-02    0.453959897288329017E+02    0.679140098291630911E+00    0.224748637435788073E+00    0.819032427454915446E-01
    0.291066785018124705E-02    0.453946765554070595E+02    0.551110918772917402E+00    0.243471043826000932E+00    0.973943966565560953E-01
    0.289489149161258844E-02    0.453855464106433288E+02    0.458064790243054853E+00    0.213320444993731123E+00    0.332300505083589839E-01
    0.286764084701844916E-02    0.453844622942371103E+02    0.483325506674980476E+00    0.265662709383290507E+00    0.136264233282403113E+00
    0.283916078779605438E-02    0.453844246461712828E+02    0.181041666626556297E+00    0.353456250255264726E+00    0.311225721243617470E+00
    0.282799937622882358E-02    0.453723026137427041E+02    0.425728498805550304E+00    0.297867286185887647E+00    0.201710883855265838E+00
    0.280168995598501771E-02    0.453709960870246505E+02    0.279712263779149928E-01    0.365769196945182729E+00    0.326620718278749778E+00
    0.277762498972235292E-02    0.453682491840333029E+02    0.681994365499900002E+00    0.224001445535694316E+00    0.755995670874255871E-01
    0.276313190104005013E-02    0.453587121023833788E+02    0.464218233636022742E-01    0.338199264876792693E+00    0.258116788900167704E+00
    0.273916956304124694E-02    0.453561320781115143E+02    0.673412737381134385E+00    0.222440279208637542E+00    0.764490113416395473E-01
    0.271952291340120606E-02    0.453505287377943205E+02    0.223877754149105421E-01    0.378479458947248826E+00    0.345402695710131102E+00
    0.269647077556179910E-02    0.453475540730293147E+02    0.553543901049959319E+00    0.262873042506941601E+00    0.155781219605742677E+00
    0.267449479065667199E-02    0.453439206702615962E+02    0.564363891878058688E+00    0.232775169596172588E+00    0.961629435216455331E-01
    0.265438937124939196E-02    0.453390123961813885E+02    0.575657024051367538E+00    0.264092868231863565E+00    0.141959410309785983E+00
    0.265324114968302658E-02    0.453198777326661002E+02    0.310505877679739806E+00    0.338077599665490725E+00    0.281502339778821109E+00
    0.262890822973532029E-02    0.453183043922135766E+02    0.428255760899126370E+00    0.312422026508554940E+00    0.238115432799756666E+00
    0.263810986944180027E-02    0.452913162642863796E+02    0.122579511264540642E+00    0.240929396630824744E+00    0.845685097102971822E-01
    0.262528979933827769E-02    0.452810590892760416E+02    0.477055026713442965E+00    0.293310932364401755E+00    0.211518429726134161E+00
    0.260825106257971031E-02    0.452740818571564887E+02    0.244855085340736772E-01    0.339622905708734768E+00    0.261598355498495305E+00
    0.259551088602869235E-02    0.452638749277325587E+02    0.331438631192452204E+00    0.309702251670055717E+00    0.219586105465715831E+00
    0.258268803639764713E-02    0.452537802064085923E+02    0.606604047483238706E+00    0.243053629627378948E+00    0.103308896382214133E+00
    0.258248132119234938E-02    0.452339402903795786E+02    0.599245888826134832E+00    0.245803103173639875E+00    0.108741117052963049E+00
    0.256036457764296241E-02    0.452311423456849298E+02    0.329668017242054245E+00    0.304362831508209586E+00    0.208550877795283057E+00
    0.253730914780630644E-02    0.452292334109676091E+02    0.417337222016824605E+00    0.254194987233991032E+00    0.132799925508336886E+00
    0.251398748496351994E-02    0.452277014046345727E+02    0.282182149923723757E+00    0.276273362240036957E+00    0.145006155236446638E+00
    0.249499299397613504E-02    0.452228698263239863E+02    0.622753942417649364E+00    0.242715904970679380E+00    0.105897242512711320E+00
    0.248163085033236818E-02    0.452136097786866600E+02    0.569726111429734727E+00    0.247199614612810259E+00    0.108578942727731262E+00
    0.264408656321405040E-02    0.450867570135607281E+02    0.571398957033803279E+00    0.224601523874947751E+00    0.760186860637765555E-01
    0.266835988139945118E-02    0.450684803213745369E+02    0.558733292196176401E+00    0.224234885813359958E+00    0.742651474735441935E-01
    0.293660601619966490E-02    0.448768993389691246E+02    0.521285688570898409E+00    0.264046547771446538E+00    0.147793396066440458E+00
    0.279197486355554220E-02    0.449779099717794821E+02    0.531439960766543651E+00    0.260313688670670784E+00    0.135478648043188654E+00
    0.289931869257411753E-02    0.449024567838574882E+02    0.535034456000074043E+00    0.253597677747559536E+00    0.129866311853064131E+00
    0.259704445406007747E-02    0.451226602354487483E+02    0.509411062969205353E+00    0.251295516739582836E+00    0.128536823233445313E+00
    0.298197607967986113E-02    0.448462359459678197E+02    0.514558385157434239E+00    0.258185228544459189E+00    0.132886286616863969E+00
    0.279944502873283362E-02    0.449725659484253271E+02    0.533459291551648285E+00    0.244970094780909697E+00    0.104793451350615671E+00
    0.308883110244871032E-02    0.447758228647595757E+02    0.491611991828970196E+00    0.255777610445008019E+00    0.128056877198009345E+00
    0.277865721057446273E-02    0.449874727489838193E+02    0.581415622394125475E+00    0.233452432158892637E+00    0.888813858715555571E-01
    0.295490906701332580E-02    0.448644725798491351E+02    0.514113022857531243E+00    0.240260583993136295E+00    0.992690690690368055E-01
    0.250557324777422570E-02    0.451943732358827219E+02    0.416363773500275536E+00    0.304197397611689346E+00    0.219599202150667833E+00
    0.305833017787232597E-02    0.447956701884223918E+02    0.448029072588075505E+00    0.290954969963783450E+00    0.197593839536909288E+00
    0.305441143657926746E-02    0.447982344988919436E+02    0.473121535505766189E+00    0.267929616833243733E+00    0.155235433946673274E+00
    0.255587252124720452E-02    0.451546210135394546E+02    0.385609173713581999E+00    0.292893811460552489E+00    0.206939463896311487E+00
    0.289627030472853998E-02    0.449045607205777202E+02    0.393012092265947688E+00    0.295494019226253624E+00    0.194946059928825188E+00
    0.325061442559399210E-02    0.446737202704454290E+02    0.425246056249159010E+00    0.275771420382724786E+00    0.162737400476609728E+00
    0.258027125803585730E-02    0.451356192710887996E+02    0.411263459557574429E+00    0.293942723222155311E+00    0.190279867714281681E+00
    0.303150337515569086E-02    0.448132910156683835E+02    0.420623009277406534E+00    0.285315393985393295E+00    0.178286268711381896E+00
    0.329153325365055859E-02    0.446487013539273363E+02    0.395600870934813276E+00    0.286133803527381936E+00    0.185244078478819102E+00
    0.315210250943698646E-02    0.447352689484570334E+02    0.445703864224798518E+00    0.273515129404114987E+00    0.164377366964331112E+00
    0.299630534308772825E-02    0.448366483806891125E+02    0.512840230686688381E+00    0.268823518368958736E+00    0.156627749877292194E+00
    0.291822374700396927E-02    0.448894580847164804E+02    0.445594557079716236E+00    0.294978251323288143E+00    0.207829393949676422E+00
    0.248893087537152818E-02    0.452077018335468352E+02    0.484522080671563771E+00    0.280581201923851109E+00    0.168533463614290890E+00
    0.255595576498588621E-02    0.451545558754056771E+02    0.564105575536854142E+00    0.254484170443382285E+00    0.136528885152952140E+00
    0.252099174972734812E-02    0.451821035842869065E+02    0.520376742476367116E+00    0.283890450189253907E+00    0.179186536681393449E+00
    0.286897419065000863E-02    0.449234992534108102E+02    0.527489019366715883E+00    0.273676212981631639E+00    0.167863094809073299E+00
    0.263029347841066451E-02    0.450972174780228130E+02    0.482414636182442791E+00    0.295613514158776236E+00    0.201732807168402417E+00
    0.288320444301388328E-02    0.449136036765863906E+02    0.548845702305022720E+00    0.262628124077086578E+00    0.146374676312774593E+00
    0.272244119327578115E-02    0.450283503847982871E+02    0.540900439444544134E+00    0.272401684588926996E+00    0.167695388959318126E+00
    0.280722447279198361E-02    0.449670158092209391E+02    0.553899809878601102E+00    0.264908550384232278E+00    0.152870180568847741E+00
    0.272390018950660487E-02    0.450272788425182995E+02    0.473646426650097430E+00    0.291400488063298269E+00    0.192661857738522985E+00
    0.287107939477271833E-02    0.449220322258398852E+02    0.480078129996243830E+00    0.292003101765114625E+00    0.201008016428725872E+00
    0.263891473331414597E-02    0.450906728419028155E+02    0.627999782562255859E+00    0.237734967668956187E+00    0.992578112552204850E-01
    0.257188213557101551E-02    0.451421323767655309E+02    0.636563098931736349E+00    0.232174840421152218E+00    0.899816503834009462E-01
    0.269125279673528700E-02    0.450513947176665539E+02    0.577313837185388090E+00    0.259071446485954981E+00    0.137762975138633587E+00
    0.259542128121007182E-02    0.451239106416993678E+02    0.572826830303889145E+00    0.263704981204306244E+00    0.143933901699939054E+00
    0.259914766832909042E-02    0.451210411926309831E+02    0.570317554258924830E+00    0.269680537572201950E+00    0.157167729600135392E+00
    0.250522067332374556E-02    0.451946546878495070E+02    0.602719810389405808E+00    0.248706543730039115E+00    0.125829726409617731E+00
    0.256543953284934373E-02    0.451471486918923262E+02    0.625840557557022170E+00    0.246113667607803177E+00    0.116732214610377222E+00
    0.271194006853573821E-02    0.450360797930267296E+02    0.584914397773800943E+00    0.258128515465336827E+00    0.137392736390568010E+00
    0.251743116489396880E-02    0.451849303302639242E+02    0.577457951607175834E+00    0.258876551547988720E+00    0.145081638963043075E+00
    0.256283104961354483E-02    0.451491832830230493E+02    0.586721890637625476E+00    0.263370855832417816E+00    0.144210718104489516E+00
    0.314427653974851552E-02    0.447402406781813085E+02    0.197246764317616036E+00    0.256937594768549604E+00    0.117029609001810975E+00
    0.289927352616561190E-02    0.449024879406671431E+02    0.180537082191143949E+00    0.277377381418000724E+00    0.162850365593372570E+00
    0.286756438145159163E-02    0.449244822916727031E+02    0.182679242939919856E+00    0.243744365457041423E+00    0.884432168166059407E-01
    0.304988626825700767E-02    0.448011997337936378E+02    0.223620665325162338E+00    0.266736433883419000E+00    0.142339660505579280E+00
    0.309907269503861740E-02    0.447692024632298313E+02    0.239369646000576836E+00    0.269449503078790675E+00    0.134838669835170982E+00
    0.278807973724716019E-02    0.449807021501502646E+02    0.122938858070194890E+00    0.256977253002624861E+00    0.115435005544158378E+00
    0.279850906278732159E-02    0.449732347398722965E+02    0.153537474653699296E+00    0.252092323256682405E+00    0.107574426565084313E+00
    0.305622851716045923E-02    0.447970450453168638E+02    0.323500547678434336E+00    0.265354524673353742E+00    0.145230563077102803E+00
    0.272127549756416088E-02    0.450292069288071986E+02    0.307530107053162693E+00    0.267254264247023143E+00    0.151323030716742718E+00
    0.347940014098341776E-02    0.445376885241540919E+02    0.290643891172458646E+00    0.270400290059838122E+00    0.147319909912429881E+00
    0.341129527543682304E-02    0.445772242047670630E+02    0.320419062570161506E+00    0.260003922428613254E+00    0.128678671388184868E+00
    0.281587606487050755E-02    0.449608614829040931E+02    0.342961725038672449E+00    0.257179508285685199E+00    0.114167327314927250E+00
    0.325672384242675422E-02    0.446699648679283570E+02    0.246061761903829224E+00    0.278150597232963481E+00    0.153321925176256063E+00
    0.313795763275256760E-02    0.447442640297173426E+02    0.416285470254549650E+00    0.250305769856752125E+00    0.117230825222891619E+00
    0.304228693240410830E-02    0.448061893094633348E+02    0.375048160552978516E+00    0.246152274299646479E+00    0.980647676044070216E-01
    0.315467432981279827E-02    0.447336378011474523E+02    0.411767059761112220E+00    0.246184685961602423E+00    0.108331681112424819E+00
    0.330849870123387565E-02    0.446384192916185754E+02    0.367978666359718432E+00    0.257209940502712120E+00    0.122293877233566772E+00
    0.303131063103379743E-02    0.448134181804613405E+02    0.273555494307456737E+00    0.286359856114325240E+00    0.168740135808511743E+00
    0.347888781196474409E-02    0.445379830385651445E+02    0.255091073685636438E+00    0.284689042476188592E+00    0.169714225866214846E+00
    0.353440203073874127E-02    0.445063200789546869E+02    0.294341293332187615E+00    0.278130937551426705E+00    0.162364878305905735E+00
    0.262285894669456697E-02    0.451028784877008917E+02    0.340159446417213907E+00    0.280183752201762337E+00    0.157593837096205308E+00
    0.333690692973910834E-02    0.446213197174867133E+02    0.389791409284644286E+00    0.272909175650235092E+00    0.155017514831688713E+00
    0.287047274513873825E-02    0.449224548639150640E+02    0.383800432367922661E+00    0.274700512451951595E+00    0.151731395336394626E+00
    0.260539140991719338E-02    0.451162425009585064E+02    0.308190773920542449E+00    0.293421000893840211E+00    0.181689440225969862E+00
    0.351495562845510930E-02    0.445173545320509589E+02    0.292183781470674420E+00    0.289061445352211122E+00    0.182027050771449705E+00
    0.256574742579094130E-02    0.451469086749571034E+02    0.317487988828686507E+00    0.312522816944694193E+00    0.226231602308682084E+00
    0.314773243423678226E-02    0.447380436725189981E+02    0.342740051546380875E+00    0.288092715409937916E+00    0.190589617108158277E+00
    0.301411683450417351E-02    0.448247946086709277E+02    0.280164079139687494E+00    0.301796944581985416E+00    0.216266925326651566E+00
    0.286731069785420463E-02    0.449246592326480823E+02    0.210990190920212650E+00    0.312695019904580263E+00    0.222810024497600651E+00
    0.289204693007015208E-02    0.449074792720230107E+02    0.210053990452062467E+00    0.306218424256311239E+00    0.209963227511215461E+00
    0.255879149143554193E-02    0.451523381887063806E+02    0.178410916318873125E+00    0.346173425142013547E+00    0.293011711101434646E+00
    0.267603384530301202E-02    0.450627367556344325E+02    0.220172411366204274E+00    0.333304733398439079E+00    0.269438495168305259E+00
    0.266423945998131356E-02    0.450715710634118665E+02    0.437315654035511869E+00    0.259136365772324073E+00    0.141604590626520754E+00
    0.320581866856155251E-02    0.447014733503230133E+02    0.395907101768257996E+00    0.276679210951395194E+00    0.169491872912299890E+00
    0.274083029685751262E-02    0.450148865303567618E+02    0.304064374059443643E+00    0.313485163434715108E+00    0.230945447229730594E+00
    0.300703387971089104E-02    0.448294999936689607E+02    0.414382326231602927E+00    0.274156492721280787E+00    0.154593352399881812E+00
    0.281220269567304844E-02    0.449634722279738526E+02    0.242823571029796015E+00    0.309229888002913567E+00    0.224771642805916771E+00
    0.260840325310858533E-02    0.451139318280447696E+02    0.746073985129639822E-01    0.307541818458487937E+00    0.214768486162146860E+00
    0.279461483667838191E-02    0.449760197500442160E+02    0.630167541269092690E-01    0.307492664842049734E+00    0.217086951757537644E+00
    0.272232061581602043E-02    0.450284389671561627E+02    0.820606180993105755E-01    0.277766858516345416E+00    0.141457992707395730E+00
    0.312417003971809113E-02    0.447530710142024333E+02    0.449619797322934334E-01    0.285138309262840783E+00    0.162115339369261285E+00
    0.255265387882291700E-02    0.451571412259045246E+02    0.487792147980089796E-01    0.313188812230109581E+00    0.225094626881920334E+00
    0.331918249425508299E-02    0.446319713035756109E+02    0.110970448386692733E+00    0.283486213233226925E+00    0.163518547401574371E+00
    0.346478212742454749E-02    0.445461088302960349E+02    0.155991570905223281E+00    0.285087629616470883E+00    0.168257248299188478E+00
    0.339500169277477844E-02    0.445867998162122063E+02    0.136850838531594576E+00    0.284313879743989528E+00    0.163872505332719687E+00
    0.291666880427587667E-02    0.448905240462581787E+02    0.152262598637646934E+00    0.306027534844414584E+00    0.206470265083083776E+00
    0.278535600725502786E-02    0.449826569445240239E+02    0.176326848657272217E+00    0.312799730644337859E+00    0.229286412172120174E+00
    0.259342971018492732E-02    0.451254459111655706E+02    0.132637215856610813E+00    0.349773650192082175E+00    0.297515130656718030E+00
    0.293818067028587572E-02    0.448758271951055576E+02    0.112990090876916471E+00    0.315256849128952632E+00    0.226239331067694394E+00
    0.294339375128004933E-02    0.448722818298780481E+02    0.378038115752430515E+00    0.233619868511245082E+00    0.821971715533831304E-01
    0.293490462399191663E-02    0.448780584221145915E+02    0.442204554427104879E+00    0.230817327511836839E+00    0.795055558303876808E-01
    0.299205533226140673E-02    0.448394872287614277E+02    0.398676527357251842E+00    0.227790469228217052E+00    0.697369530495321188E-01
    0.265369470470870270E-02    0.450795025411367902E+02    0.440356122436190989E+00    0.237151352492299738E+00    0.805208535278883752E-01
    0.252298229074358763E-02    0.451805250344342682E+02    0.438669515461326820E+00    0.210114191009653284E+00    0.392908160564795564E-01
    0.284116507470018624E-02    0.449429799242112864E+02    0.403718154551980679E+00    0.223681624426008113E+00    0.589524506301405890E-01
    0.261172153647686598E-02    0.451113891426117704E+02    0.455067399861369126E+00    0.225371173458212865E+00    0.598128261418180360E-01
    0.283060765107698243E-02    0.449504255228463450E+02    0.401191873929407472E+00    0.225467542055804299E+00    0.593978835316206974E-01
