    0.452359753378295282E-05    0.326203681457067352E+00    0.352101754885052243E+00    0.266624882331087498E+00    0.550696813267929075E-01   -0.278562357126951063E+02
    0.366236905615170938E-05    0.555387735366821289E-01    0.265735626220703125E+00    0.175272822380065918E+00    0.503452777862548828E+00   -0.272734263429459318E+02
    0.445015596089494588E-05    0.152416766295142003E+00    0.328687602937620338E+00    0.292940686276741302E+00    0.225954944490496357E+00   -0.261267005724152526E+02
    0.444276851708762057E-05    0.512740012572558745E+00    0.249106595158087529E+00    0.804624551136865485E-01    0.157690937155667177E+00   -0.258904015047818987E+02
    0.498567122473319361E-05    0.174527308358708860E-01    0.421202428946081897E+00    0.403051889286000553E+00    0.158292950932046650E+00   -0.257110691949018069E+02
    0.415602772740521039E-05    0.249208871990282271E+00    0.337561995805962800E+00    0.313722245721086423E+00    0.995068864826684774E-01   -0.255005685453269919E+02
    0.465096561331159177E-05    0.421133805897152991E+00    0.299651870525039499E+00    0.180892772619422604E+00    0.983215509583849068E-01   -0.251864985885947092E+02
    0.409021923310241732E-05    0.307943706492391389E+00    0.228999242921363033E+00    0.308275766415548880E-01    0.432229473944690690E+00   -0.250504696734756820E+02
    0.427191903200508741E-05    0.554707884788513184E+00    0.226317882537841797E+00    0.105305373668670654E+00    0.113668859004974365E+00   -0.250230367986366176E+02
    0.416005292363445542E-05    0.950891572254010664E-01    0.294957998608097849E+00    0.150470793817868542E+00    0.459482050348632542E+00   -0.249635476502243776E+02
    0.410578826522977699E-05    0.273784725727817757E+00    0.338041094803311015E+00    0.312052786353021139E+00    0.761213931158500889E-01   -0.249607921310016536E+02
    0.397582135163356049E-05    0.738075749019152516E-01    0.349129229459404888E+00    0.257495646273102341E+00    0.319567549365577519E+00   -0.247763723254677188E+02
    0.368166207163516925E-05    0.619760797292470578E+00    0.235975472238039941E+00    0.617207889208434279E-01    0.825429415486460538E-01   -0.247704293657491874E+02
    0.396821791854686433E-05    0.349974877583656210E-01    0.228263680152032883E+00    0.793849151708165834E-01    0.657353916918784975E+00   -0.247434441832911673E+02
    0.354624119746128681E-05    0.438657443711801209E+00    0.286852057638483815E+00    0.223615162685265156E+00    0.508753359644498193E-01   -0.246347108464486340E+02
    0.394976408629770775E-05    0.152212004960975200E+00    0.326790342379274346E+00    0.283529204114868205E+00    0.237468448544882249E+00   -0.245290488659880523E+02
    0.510567733265745811E-05    0.128606980520825226E-01    0.404642818376922953E+00    0.414902189998726689E+00    0.167594293572267850E+00   -0.244519235784178868E+02
    0.399092531180680926E-05    0.629915172312341953E+00    0.235430407142042331E+00    0.668130329830372016E-01    0.678413875625785145E-01   -0.244359943694397046E+02
    0.395230068471875043E-05    0.367581335215151905E+00    0.301333465463180405E+00    0.180313433488121677E+00    0.150771765833546012E+00   -0.244329568998107973E+02
    0.328598007048476064E-05    0.203236061740680152E+00    0.312136898963071119E+00    0.262940267012966022E+00    0.221686772283282707E+00   -0.243543518444743192E+02
    0.421450897299336889E-05    0.422090577175178006E+00    0.290598827834675333E+00    0.221451140585472106E+00    0.658594544046745556E-01   -0.242851970401249631E+02
    0.402162071460765310E-05    0.194497772405915370E+00    0.309675653525855465E+00    0.188727824887024442E+00    0.307098749181204722E+00   -0.241870086623567389E+02
    0.401124990190919361E-05    0.141133431965384692E+00    0.386811109023616206E+00    0.345035842304153184E+00    0.127019616706845917E+00   -0.240811728068051707E+02
    0.396244882893687778E-05    0.697443297989524758E+00    0.180983524097292126E+00    0.155112859747305043E-01    0.106061891938452613E+00   -0.240580918857489863E+02
    0.480563429105886305E-05    0.489336148876648336E+00    0.257638289228528050E+00    0.111263673988097445E+00    0.141761887906726169E+00   -0.239624737278372280E+02
    0.384780371458781668E-05    0.210674405929500486E+00    0.370418302718281023E+00    0.315400340751423203E+00    0.103506950600795289E+00   -0.239474363167666979E+02
    0.375518974836416332E-05    0.230189979706211606E+00    0.342427830837963243E+00    0.315025220172895692E+00    0.112356969282929486E+00   -0.239450854355396316E+02
    0.471382295319852358E-05    0.199735070393019465E+00    0.192937418028425067E+00    0.577665072163613402E-03    0.606749846506391854E+00   -0.239114402381018820E+02
    0.417578264515898082E-05    0.724969543283587037E-01    0.244554673792712146E+00    0.106114131546453827E+00    0.576834240332475323E+00   -0.239065286640915886E+02
    0.408369118140738775E-05    0.136073867515160152E+00    0.399328676048649744E+00    0.373481352245351728E+00    0.911161041908383762E-01   -0.238981018741355911E+02
    0.499408672988280971E-05    0.514010369777679443E+00    0.207425236701965332E+00    0.179390907287597656E-01    0.260625302791595459E+00   -0.238772188804042074E+02
    0.408535238872572805E-05    0.231162632333122509E+00    0.284449013170946174E+00    0.143990697044876992E+00    0.340397657451054325E+00   -0.238457818987713566E+02
    0.451324422361005203E-05    0.870402455329895020E-01    0.376552402973175049E+00    0.364539980888366699E+00    0.171867370605468750E+00   -0.238439376566755890E+02
    0.453348156838044139E-05    0.137758964152539520E-01    0.392498072714582369E+00    0.355604278441715993E+00    0.238121752428447686E+00   -0.238399361640618643E+02
    0.489486400206586443E-05    0.987107000144338831E-01    0.400216816279057197E+00    0.403007071815593254E+00    0.980654118909156658E-01   -0.237673100272726110E+02
    0.448511865728823332E-05    0.268770166643735042E-03    0.416054384146030520E+00    0.432189775662316478E+00    0.151487070025009274E+00   -0.237400911797531897E+02
    0.396354682565454743E-05    0.185126951096382025E+00    0.330237160809319530E+00    0.235007613468376508E+00    0.249628274625921964E+00   -0.236807672110057865E+02
    0.396354682565454743E-05    0.185126951096382025E+00    0.330237160809319530E+00    0.235007613468376508E+00    0.249628274625921964E+00   -0.236807672110057865E+02
    0.372940048459722248E-05    0.536650612958672557E+00    0.262255087345260596E+00    0.117668791920262694E+00    0.834255077758041530E-01   -0.236598149607374992E+02
    0.390056449065674627E-05    0.373068165381490624E+00    0.301256872657596875E+00    0.237818260008932580E+00    0.878567019519799208E-01   -0.236462794007141568E+02
    0.389188271396973439E-05    0.308731185544085240E+00    0.366183504326029807E+00    0.317762523266929109E+00    0.732278686295584347E-02   -0.236419010934971539E+02
    0.408042595153093014E-05    0.941768949744870576E-01    0.222176305049804235E+00    0.203035243240364816E-01    0.663343275651672171E+00   -0.236385235604300945E+02
    0.437773714642256896E-05    0.604324353489466892E+00    0.231586741022364762E+00    0.105317704288543035E+00    0.587712011996253114E-01   -0.236280181426165612E+02
    0.413195131584705592E-05    0.451881542277487946E+00    0.237979982987598204E+00    0.688245464718368893E-01    0.241313928263076960E+00   -0.236016398431572227E+02
    0.363199339469479750E-05    0.416113300883686310E+00    0.306071737022176438E+00    0.197414889749526479E+00    0.804000723446107735E-01   -0.236012403018068611E+02
    0.450445717439116966E-05    0.697337388925897694E-01    0.205589153774337174E+00    0.124661651453547018E-01    0.712210942187718299E+00   -0.235806081937013872E+02
    0.450445717439116966E-05    0.697337388925897694E-01    0.205589153774337174E+00    0.124661651453547018E-01    0.712210942187718299E+00   -0.235806081937013872E+02
    0.456057868746397022E-05    0.786951347462591377E-01    0.203942763993708448E+00    0.830936032642337619E-02    0.709052740933609038E+00   -0.235806053487749026E+02
    0.392180540521207534E-05    0.233533298015601631E+00    0.301837951696397266E+00    0.179749692161874419E+00    0.284879058126126683E+00   -0.235778961099743540E+02
    0.424034083623166710E-05    0.578504731562112129E+00    0.260149300828316443E+00    0.123783325274717360E+00    0.375626423348540683E-01   -0.234601975950315094E+02
    0.424034083623166710E-05    0.578504731562112129E+00    0.260149300828316443E+00    0.123783325274717360E+00    0.375626423348540683E-01   -0.234601975950315094E+02
    0.378091462853409091E-05    0.465856544540132145E+00    0.268485802602507206E+00    0.177062561880250824E+00    0.885950909771098249E-01   -0.234382551630664651E+02
    0.423677063765811234E-05    0.120765772744192104E+00    0.306790060146768961E+00    0.187973285617691277E+00    0.384470881491347671E+00   -0.234298817396392636E+02
    0.423677063765811234E-05    0.120765772744192104E+00    0.306790060146768961E+00    0.187973285617691277E+00    0.384470881491347671E+00   -0.234298817396392636E+02
    0.439868611756738698E-05    0.991503700973397489E-01    0.356329975061714987E+00    0.324605706557112239E+00    0.219913948283833038E+00   -0.234292021423002055E+02
    0.372806791581516811E-05    0.689675390720367432E+00    0.212887167930603027E+00    0.764301419258117676E-01    0.210072994232177734E-01   -0.234241423847607351E+02
    0.444042991414759778E-05    0.212315820261050947E+00    0.241734086328061870E+00    0.102252864704187152E+00    0.443697228706700031E+00   -0.234094612286273289E+02
    0.366597442110289374E-05    0.101804380556128379E+00    0.351000396119890923E+00    0.270709964421256666E+00    0.276485258902724018E+00   -0.233877245145730015E+02
    0.366597442110289374E-05    0.101804380556128379E+00    0.351000396119890923E+00    0.270709964421256666E+00    0.276485258902724018E+00   -0.233877245145730015E+02
    0.408335550229689891E-05    0.511263600335684520E+00    0.244212982141926993E+00    0.127472780893154614E+00    0.117050636629233873E+00   -0.233515531937387735E+02
    0.413996502191565132E-05    0.225783228874206543E+00    0.295493423938751221E+00    0.171308040618896484E+00    0.307415306568145752E+00   -0.233473235105468078E+02
    0.430122434384342745E-05    0.150126591077953120E+00    0.334295808928027627E+00    0.284527396668768862E+00    0.231050203325250392E+00   -0.233440060935699378E+02
    0.441826886813281800E-05    0.242393281327987375E+00    0.209472422308971229E+00    0.355767021135366401E-01    0.512557594249504755E+00   -0.233361193005832277E+02
    0.441826886813281800E-05    0.242393281327987375E+00    0.209472422308971229E+00    0.355767021135366401E-01    0.512557594249504755E+00   -0.233361193005832277E+02
    0.453611327060823121E-05    0.647780999118776735E+00    0.222782314469948783E+00    0.843940154001484588E-01    0.450426710111260231E-01   -0.233315521613694230E+02
    0.453611327060823121E-05    0.647780999118776735E+00    0.222782314469948783E+00    0.843940154001484588E-01    0.450426710111260231E-01   -0.233315521613694230E+02
    0.426980257417087745E-05    0.166413562486191074E+00    0.209992750617283980E+00    0.312197590365624889E-01    0.592373927859962457E+00   -0.233254238789199420E+02
    0.378588565406235082E-05    0.190571575660939019E+00    0.343877337625309420E+00    0.263506136969720806E+00    0.202044949744030755E+00   -0.233077410908311506E+02
    0.378588565406235082E-05    0.190571575660939019E+00    0.343877337625309420E+00    0.263506136969720806E+00    0.202044949744030755E+00   -0.233077410908311506E+02
    0.404060002970359375E-05    0.484630364200010044E+00    0.226220148132120658E+00    0.498365089830534735E-01    0.239312978684815825E+00   -0.233014498714285949E+02
    0.349611298888893606E-05    0.234173383375658628E+00    0.218337907794151576E+00    0.636264609494262001E-01    0.483862247880763596E+00   -0.232910069836055484E+02
    0.448541944329313670E-05    0.239871311762817230E+00    0.303627586147020401E+00    0.227362270325950022E+00    0.229138831764212347E+00   -0.232863859897488013E+02
    0.398313545084917815E-05    0.105058201183656830E+00    0.332513849033052755E+00    0.239240138844770855E+00    0.323187810938519560E+00   -0.232799179121104771E+02
    0.403192250985508792E-05    0.134614109992980957E-01    0.423538804054260254E+00    0.444099724292755127E+00    0.118900060653686523E+00   -0.232624536108837674E+02
    0.368190316875854036E-05    0.253196089165707849E+00    0.352090913162796892E+00    0.284119003530394321E+00    0.110593994141100938E+00   -0.232592960011234666E+02
    0.426768580888249737E-05    0.549508333206176758E-01    0.346967518329620361E+00    0.267140984535217285E+00    0.330940663814544678E+00   -0.232413629690601695E+02
    0.426768580888249737E-05    0.549508333206176758E-01    0.346967518329620361E+00    0.267140984535217285E+00    0.330940663814544678E+00   -0.232413629690601695E+02
    0.377231225326009433E-05    0.244787389448775428E+00    0.355996323513604773E+00    0.292730226754896905E+00    0.106486060282722894E+00   -0.232394477708992966E+02
    0.393351099419684577E-05    0.307873425593610417E+00    0.343183426741987430E+00    0.309006100623740676E+00    0.399370470406614775E-01   -0.232317959068259370E+02
    0.453306723566660868E-05    0.949585899311888304E-01    0.344283589423825809E+00    0.266504419094044320E+00    0.294253401550941041E+00   -0.232301102652106195E+02
    0.444310728087049154E-05    0.227818855780726776E+00    0.382967001842158039E+00    0.365262859279230190E+00    0.239512830978849678E-01   -0.232262115531424023E+02
    0.366025286038125760E-05    0.508676925685336179E+00    0.208786560192344539E+00    0.578906658647202477E-01    0.224645848257599035E+00   -0.232095685492248052E+02
    0.402152343616181405E-05    0.291136098169925306E+00    0.234315945894962019E+00    0.553961898907582295E-01    0.419151766044354446E+00   -0.232001034523510228E+02
    0.429776428233156892E-05    0.212949570306670208E-01    0.332296873525992631E+00    0.236635578327562879E+00    0.409772591115777463E+00   -0.231995011019020652E+02
    0.429776428233156892E-05    0.212949570306670208E-01    0.332296873525992631E+00    0.236635578327562879E+00    0.409772591115777463E+00   -0.231995011019020652E+02
    0.400212974868839987E-05    0.275462491728120595E+00    0.284654392668515610E+00    0.152465898210838557E+00    0.287417217392525237E+00   -0.231890503965572137E+02
    0.414038009677848257E-05    0.222986996173858643E+00    0.362084925174713135E+00    0.339692413806915283E+00    0.752356648445129395E-01   -0.231657950954119727E+02
    0.417223181115010095E-05    0.304335221300126080E+00    0.351650111979587565E+00    0.322536556948401554E+00    0.214781097718848013E-01   -0.231603088126618744E+02
    0.446538717758289591E-05    0.481086540934390072E-01    0.386746023555569085E+00    0.357433621972848670E+00    0.207711700378143238E+00   -0.231478501100169431E+02
    0.376467319674747386E-05    0.670423912550554002E+00    0.238536211968219947E+00    0.858165845071438005E-01    0.522329097408225085E-02   -0.231451391508232476E+02
    0.450228898156098041E-05    0.380587780096859674E+00    0.224675458300078179E+00    0.727997979696539677E-01    0.321936963633408180E+00   -0.231305981600900807E+02
    0.383520007620007849E-05    0.302582592579267118E+00    0.215945650067267514E+00    0.575839646634362934E-01    0.423887792690029075E+00   -0.231240109542229177E+02
    0.383520007620007849E-05    0.302582592579267118E+00    0.215945650067267514E+00    0.575839646634362934E-01    0.423887792690029075E+00   -0.231240109542229177E+02
    0.416464746056468437E-05    0.913541826749044161E-01    0.398616955471217727E+00    0.380263918962521763E+00    0.129764942891356094E+00   -0.231013913904525410E+02
    0.432459304352741896E-05    0.799410939216613770E-01    0.374938189983367920E+00    0.353911638259887695E+00    0.191209077835083008E+00   -0.230533869586069571E+02
    0.432459304352741896E-05    0.799410939216613770E-01    0.374938189983367920E+00    0.353911638259887695E+00    0.191209077835083008E+00   -0.230533869586069571E+02
    0.411306190968171695E-05    0.640669266017047101E+00    0.224115111307561787E+00    0.880439976084445020E-01    0.471716250669466097E-01   -0.230201410317911908E+02
    0.411306190968171695E-05    0.640669266017047101E+00    0.224115111307561787E+00    0.880439976084445020E-01    0.471716250669466097E-01   -0.230201410317911908E+02
    0.391422684158642209E-05    0.739580354798132111E+00    0.201768039972726743E+00    0.235101582487950989E-01    0.351414469803460472E-01   -0.230084231900281750E+02
    0.476642535942952193E-05    0.521452277376860063E+00    0.220759273564806402E+00    0.555854873211836242E-01    0.202202961737149911E+00   -0.229980634585464898E+02
    0.446741052459315287E-05    0.160018103882075352E+00    0.369264393351230291E+00    0.334855867067402446E+00    0.135861635699291883E+00   -0.229832253840646352E+02
    0.446741052459315287E-05    0.160018103882075352E+00    0.369264393351230291E+00    0.334855867067402446E+00    0.135861635699291883E+00   -0.229832253840646352E+02
    0.470386069920886628E-05    0.180925783148940561E+00    0.247399610566650913E+00    0.870877478122851767E-01    0.484586858472123350E+00   -0.229765042838652747E+02
    0.470386069920886628E-05    0.180925783148940561E+00    0.247399610566650913E+00    0.870877478122851767E-01    0.484586858472123350E+00   -0.229765042838652747E+02
    0.391021474560768587E-05    0.350918433235950677E+00    0.334680893782926592E+00    0.293779963209095385E+00    0.206207097720273458E-01   -0.229709377314098404E+02
    0.391021474560768587E-05    0.350918433235950677E+00    0.334680893782926592E+00    0.293779963209095385E+00    0.206207097720273458E-01   -0.229709377314098404E+02
    0.411911033351243056E-05    0.120694279265844542E+00    0.285600129832826288E+00    0.149836240601489645E+00    0.443869350299839538E+00   -0.229672476262219973E+02
    0.411911033351243056E-05    0.120694279265844542E+00    0.285600129832826288E+00    0.149836240601489645E+00    0.443869350299839538E+00   -0.229672476262219973E+02
    0.402366417664316967E-05    0.126348782509479229E+00    0.401544850399086717E+00    0.397505291550527606E+00    0.746010755409064474E-01   -0.229601500551664230E+02
    0.476145212087504435E-05    0.507796615868454371E+00    0.217250573028665128E+00    0.557744892990730268E-01    0.219178321803807474E+00   -0.229536462870896187E+02
    0.385691809436951565E-05    0.611403878986552907E+00    0.225639308853351817E+00    0.915804015686427775E-01    0.713764105914524993E-01   -0.229473656771185190E+02
    0.373293485085826278E-05    0.205806043200753463E+00    0.249410880133127622E+00    0.807929602379913181E-01    0.463990116428127597E+00   -0.229396335804741014E+02
    0.394566756281313389E-05    0.138265794180098905E+00    0.200576063072223892E+00    0.277408961891223438E-02    0.658384053128765023E+00   -0.229337860681640180E+02
    0.457579720950045398E-05    0.540793191032958864E+00    0.273981035133536222E+00    0.160513786418781002E+00    0.247119874147239127E-01   -0.229312371504885917E+02
    0.457579720950045398E-05    0.540793191032958864E+00    0.273981035133536222E+00    0.160513786418781002E+00    0.247119874147239127E-01   -0.229312371504885917E+02
    0.416357201790573473E-05    0.287164012272954738E+00    0.202610823141292362E+00    0.190360674816705822E-01    0.491189097104082317E+00   -0.229304156809898316E+02
    0.437921957561508896E-05    0.351526766932379497E+00    0.270177577124078971E+00    0.162476180577006968E+00    0.215819475366534563E+00   -0.229190794460011560E+02
    0.437921957561508896E-05    0.351526766932379497E+00    0.270177577124078971E+00    0.162476180577006968E+00    0.215819475366534563E+00   -0.229190794460011560E+02
    0.397855414892339680E-05    0.322233013684299963E+00    0.226022239738373487E+00    0.751626795210167398E-01    0.376582067056309810E+00   -0.229093500345234773E+02
    0.397855414892339680E-05    0.322233013684299963E+00    0.226022239738373487E+00    0.751626795210167398E-01    0.376582067056309810E+00   -0.229093500345234773E+02
    0.386321091439904412E-05    0.261989865897755247E+00    0.277086713054833067E+00    0.138850999394002139E+00    0.322072421653409546E+00   -0.229063240209710060E+02
    0.415110826178595780E-05    0.457475369330839932E+00    0.203435517839949120E+00    0.143764958356233929E-01    0.324712616993587555E+00   -0.228901352025809004E+02
    0.415110826178595780E-05    0.457475369330839932E+00    0.203435517839949120E+00    0.143764958356233929E-01    0.324712616993587555E+00   -0.228901352025809004E+02
    0.445545203175731787E-05    0.849319405767978430E-01    0.298680910393979482E+00    0.203051840703006525E+00    0.413335308326216122E+00   -0.228837732418932731E+02
    0.409783924646128422E-05    0.162027232709232416E+00    0.369395027671769960E+00    0.344230571698159959E+00    0.124347167920837665E+00   -0.228779522707775413E+02
    0.409179716986927491E-05    0.306997454668151704E+00    0.349749519680873922E+00    0.312794774103901219E+00    0.304582515470731563E-01   -0.228760726469952260E+02
    0.418228495402611743E-05    0.395170634303955090E-03    0.289855529593613825E+00    0.181351996462604581E+00    0.528397303309477651E+00   -0.228746247866101342E+02
    0.418228495402611743E-05    0.395170634303955090E-03    0.289855529593613825E+00    0.181351996462604581E+00    0.528397303309477651E+00   -0.228746247866101342E+02
    0.382672408511444701E-05    0.587863974545212553E+00    0.227830214363879846E+00    0.629292885963560478E-01    0.121376522494551553E+00   -0.228656397466197134E+02
    0.427931017089471592E-05    0.463981451968757119E+00    0.268022836180853152E+00    0.139933554024033846E+00    0.128062157826355882E+00   -0.228582953823497022E+02
    0.349906925417590307E-05    0.229777536546517225E+00    0.209893333575856267E+00    0.644638278184189728E-02    0.553882747095784556E+00   -0.228566997378563386E+02
    0.406139863796849812E-05    0.203872837157941217E+00    0.308797721692168237E+00    0.234720751150517382E+00    0.252608689999373137E+00   -0.228502375591109015E+02
    0.406139863796849812E-05    0.203872837157941217E+00    0.308797721692168237E+00    0.234720751150517382E+00    0.252608689999373137E+00   -0.228502375591109015E+02
    0.447146665387859290E-05    0.191500527730078252E+00    0.292782573339504359E+00    0.173236124071276310E+00    0.342480774859141079E+00   -0.228502255089876556E+02
    0.447146665387859290E-05    0.191500527730078252E+00    0.292782573339504359E+00    0.173236124071276310E+00    0.342480774859141079E+00   -0.228502255089876556E+02
    0.454226036770051025E-05    0.170598208904266357E+00    0.242157995700836182E+00    0.809207558631896973E-01    0.506323039531707764E+00   -0.228427134526220428E+02
    0.388653643016314721E-05    0.363467392159002034E+00    0.212328677533125121E+00    0.211010800249851194E-01    0.403102850282887726E+00   -0.228415905479633423E+02
    0.375977089148942067E-05    0.667280321274680843E-01    0.207714174238325777E+00    0.685912894195450651E-02    0.718698664692251632E+00   -0.228414343556214092E+02
    0.427785904913956832E-05    0.129650672820919105E+00    0.327158049502306647E+00    0.237062360452035215E+00    0.306128917224739006E+00   -0.228257516029743286E+02
    0.430454554992500401E-05    0.574124346853092660E+00    0.258895903300767505E+00    0.146973669306258770E+00    0.200060805398810659E-01   -0.228233050794171461E+02
    0.430454554992500401E-05    0.574124346853092660E+00    0.258895903300767505E+00    0.146973669306258770E+00    0.200060805398810659E-01   -0.228233050794171461E+02
    0.439630208127557622E-05    0.187029507096967973E+00    0.331986907020975441E+00    0.273758873366750755E+00    0.207224712515305831E+00   -0.228224576839751947E+02
    0.385472169127696933E-05    0.136077933151780656E+00    0.314899186905816864E+00    0.207886812297325696E+00    0.341136067645076757E+00   -0.228199277648598766E+02
    0.385472169127696933E-05    0.136077933151780656E+00    0.314899186905816864E+00    0.207886812297325696E+00    0.341136067645076757E+00   -0.228199277648598766E+02
    0.435442492207779125E-05    0.305745843978116605E+00    0.351243950822808071E+00    0.311151954946822906E+00    0.318582502522524180E-01   -0.228188815450398081E+02
    0.436798489649076305E-05    0.298606953203061520E+00    0.322216001734128898E+00    0.259733532929273703E+00    0.119443512133535878E+00   -0.228146564472758158E+02
    0.436798489649076305E-05    0.298606953203061520E+00    0.322216001734128898E+00    0.259733532929273703E+00    0.119443512133535878E+00   -0.228146564472758158E+02
    0.386653338648270453E-05    0.134365894432114885E+00    0.396394384803367750E+00    0.385045676377034019E+00    0.841940443874833466E-01   -0.228120765721457701E+02
    0.421409078211654987E-05    0.150588270128480223E+00    0.348982486372337086E+00    0.283048918946951722E+00    0.217380324552230997E+00   -0.228061457606569959E+02
    0.442915144444136465E-05    0.118338369456418763E+00    0.247267979368130747E+00    0.914779525324379006E-01    0.542915698643012590E+00   -0.227948384303674132E+02
    0.484790966758173314E-05    0.225998791084962070E+00    0.311392526069796116E+00    0.227623886895738758E+00    0.234984795949503056E+00   -0.227889419189730873E+02
    0.444495049375693034E-05    0.356934469440883473E+00    0.241585920536491083E+00    0.845630361960085786E-01    0.316916573826616865E+00   -0.227848279899494131E+02
    0.377329628199923831E-05    0.136158638589636338E+00    0.394316910273074528E+00    0.381610056637215589E+00    0.879143945000735449E-01   -0.227491440720266382E+02
    0.419618475207147890E-05    0.729705711517005667E-01    0.274496681238473483E+00    0.152522376702653339E+00    0.500010370907172597E+00   -0.227387530670379832E+02
    0.390041649903486535E-05    0.373598990629738226E+00    0.306466001041849512E+00    0.207759345078822655E+00    0.112175663249589608E+00   -0.227257839945928666E+02
    0.390041649903486535E-05    0.373598990629738226E+00    0.306466001041849512E+00    0.207759345078822655E+00    0.112175663249589608E+00   -0.227257839945928666E+02
    0.464875103589532887E-05    0.127659647288802858E+00    0.275753197375906700E+00    0.152356433462526752E+00    0.444230721872763690E+00   -0.227250566092572583E+02
    0.356247120071330372E-05    0.399803668941385359E+00    0.275705083369641224E+00    0.144244329261840942E+00    0.180246918427132474E+00   -0.227204468565996152E+02
    0.356247120071330372E-05    0.399803668941385359E+00    0.275705083369641224E+00    0.144244329261840942E+00    0.180246918427132474E+00   -0.227204468565996152E+02
    0.383343765970982201E-05    0.575598139989284663E+00    0.247785408338695112E+00    0.130559816045942689E+00    0.460566356260775356E-01   -0.227182915130160339E+02
    0.401591825697035174E-05    0.500061129729404197E+00    0.251427803498811442E+00    0.133746449643202037E+00    0.114764617128582325E+00   -0.227130246529325817E+02
    0.421865902248398505E-05    0.219471244704847260E-02    0.319773304868273656E+00    0.239152168385299901E+00    0.438879814299377946E+00   -0.227127532056894736E+02
    0.453558402857944371E-05    0.470709125773435710E+00    0.279506923301354071E+00    0.171903056853536462E+00    0.778808940716737563E-01   -0.227092662630813678E+02
    0.423096963099069563E-05    0.840939575916026805E-01    0.369206950516740906E+00    0.324156343838758743E+00    0.222542748052897643E+00   -0.227051478014959187E+02
    0.356446528338592926E-05    0.330942754916871307E+00    0.285050877060696428E+00    0.158825026877303377E+00    0.225181341145128888E+00   -0.226836487285767774E+02
    0.438527560845168350E-05    0.298695185196262647E+00    0.326177098212179939E+00    0.263206416369318408E+00    0.111921300222239006E+00   -0.226809901928890625E+02
    0.438527560845168350E-05    0.298695185196262647E+00    0.326177098212179939E+00    0.263206416369318408E+00    0.111921300222239006E+00   -0.226809901928890625E+02
    0.396309396345446243E-05    0.624583920076336008E+00    0.188363896137853093E+00    0.466349745871064147E-02    0.182388686327100258E+00   -0.226808346081516632E+02
    0.409442457743732124E-05    0.366859036660801885E+00    0.326657715486656675E+00    0.258355343567485463E+00    0.481279042850559780E-01   -0.226770686464451501E+02
    0.409442457743732124E-05    0.366859036660801885E+00    0.326657715486656675E+00    0.258355343567485463E+00    0.481279042850559780E-01   -0.226770686464451501E+02
    0.397551659028653063E-05    0.185479719569892426E+00    0.347454806943076844E+00    0.302392654954940165E+00    0.164672818532090592E+00   -0.226694791451268429E+02
    0.406275134341469852E-05    0.681211057532591591E+00    0.204288905310081703E+00    0.401925826862148394E-01    0.743074544711118667E-01   -0.226659941895862360E+02
    0.407571676559259308E-05    0.978615896558356346E-01    0.261851915448159722E+00    0.129501516131372285E+00    0.510784978764632358E+00   -0.226605562496059250E+02
    0.403580661779980677E-05    0.105936281852225894E+00    0.273605166170977077E+00    0.155195604199568682E+00    0.465262947777228320E+00   -0.226598642984361689E+02
    0.417013754044032194E-05    0.939852048449528465E-01    0.305453992215017789E+00    0.215925412891297519E+00    0.384635390048731818E+00   -0.226535099550043881E+02
    0.452868483097614255E-05    0.265940427290669967E+00    0.317042192734536654E+00    0.232424275490662136E+00    0.184593104484131243E+00   -0.226527829748233174E+02
    0.461609570120865737E-05    0.972942927621102266E-01    0.320724668211276265E+00    0.240363881880774566E+00    0.341617157145838957E+00   -0.226503821930218194E+02
    0.409452261598869827E-05    0.666082847464916639E-01    0.330498190704639372E+00    0.262222759186653331E+00    0.340670765362215633E+00   -0.226448952416760676E+02
    0.409452261598869827E-05    0.666082847464916639E-01    0.330498190704639372E+00    0.262222759186653331E+00    0.340670765362215633E+00   -0.226448952416760676E+02
    0.419254750332674480E-05    0.183595180511474609E+00    0.345815122127532959E+00    0.297514140605926514E+00    0.173075556755065918E+00   -0.226406886937272205E+02
    0.434176083377425015E-05    0.189617698453177719E+00    0.276610226062674713E+00    0.144827968960864528E+00    0.388944106523283040E+00   -0.226396965212856642E+02
    0.358051847168205512E-05    0.426937699475273158E+00    0.304559484064779173E+00    0.205919700233925362E+00    0.625831162260223062E-01   -0.226344258607685518E+02
    0.434338214491745465E-05    0.110805757421205048E+00    0.360780002462304128E+00    0.316140750485585431E+00    0.212273489630905421E+00   -0.226327780644805401E+02
    0.384893834356174418E-05    0.726137021150654871E-01    0.385304248397712934E+00    0.365017747592318864E+00    0.177064301894902743E+00   -0.226238431773547291E+02
    0.410195126629297250E-05    0.714944903035311385E-01    0.332226518777945845E+00    0.265496675089542389E+00    0.330782315828980655E+00   -0.226236238619628693E+02
    0.392844383626401311E-05    0.207458658154450859E+00    0.278945670290001335E+00    0.144371717932958388E+00    0.369223953622589418E+00   -0.226193516928268039E+02
    0.427319017223734831E-05    0.209317334716979553E+00    0.241309153511347740E+00    0.844310953969138467E-01    0.464942416374758860E+00   -0.226187852148334017E+02
    0.428718665697802245E-05    0.940488316811348979E-01    0.317690774217605276E+00    0.237370458335384560E+00    0.350889935765875238E+00   -0.225898194969010504E+02
    0.449924788196652261E-05    0.346145853937586956E+00    0.293174798798521874E+00    0.197940465763032813E+00    0.162738881500858357E+00   -0.225881268245595450E+02
    0.449924788196652261E-05    0.346145853937586956E+00    0.293174798798521874E+00    0.197940465763032813E+00    0.162738881500858357E+00   -0.225881268245595450E+02
    0.418050497397176636E-05    0.241845997479324781E+00    0.278168324073272299E+00    0.149421959092586043E+00    0.330563719354816876E+00   -0.225871985531090971E+02
    0.425311566413531272E-05    0.374846224502759839E+00    0.231827986257806429E+00    0.736261209326503074E-01    0.319699668306783424E+00   -0.225838581940228735E+02
    0.429882849641311942E-05    0.144443685081032280E+00    0.278894528988022805E+00    0.148705467417879211E+00    0.427956318513065703E+00   -0.225811273031719750E+02
    0.433931360782080714E-05    0.142723450112087591E+00    0.266843298357913095E+00    0.128761114129194054E+00    0.461672137400805260E+00   -0.225745716097241669E+02
    0.432375161748817827E-05    0.355490622139829182E+00    0.286867465568262925E+00    0.189088317345516455E+00    0.168553594946391438E+00   -0.225714129008594639E+02
    0.432375161748817827E-05    0.355490622139829182E+00    0.286867465568262925E+00    0.189088317345516455E+00    0.168553594946391438E+00   -0.225714129008594639E+02
    0.361965673191191832E-05    0.601424841117873865E+00    0.221945666539503206E+00    0.544846837165449127E-01    0.122144808626078016E+00   -0.225702837492600068E+02
    0.428323812581908175E-05    0.373856538179724474E+00    0.308316061217931370E+00    0.229293959276505643E+00    0.885334413258385133E-01   -0.225685630821421412E+02
    0.443799446218355472E-05    0.247808597330585273E+00    0.299419737295753663E+00    0.196139459911669367E+00    0.256632205461991725E+00   -0.225647636046637174E+02
    0.406588126881446594E-05    0.144598117543778271E+00    0.247304524354823863E+00    0.998177831831830176E-01    0.508279574918214849E+00   -0.225622061748911804E+02
    0.436501586547303061E-05    0.123518815006058214E+00    0.275320555246355070E+00    0.147784565286594283E+00    0.453376064460992434E+00   -0.225596622362665542E+02
    0.403942348998255970E-05    0.283213891278683905E+00    0.304174569587719268E+00    0.201006670208387028E+00    0.211604868925209799E+00   -0.225573841081141566E+02
    0.407084192158783576E-05    0.349347160649273347E+00    0.303002741490958460E+00    0.203884131962949522E+00    0.143765965896818670E+00   -0.225502584564617976E+02
    0.425861474564661118E-05    0.460883821319412856E+00    0.245587688163585116E+00    0.103258140343760352E+00    0.190270350173241676E+00   -0.225492144849192258E+02
    0.423119125681819219E-05    0.131037942374730126E+00    0.291534778543945938E+00    0.172081393699144714E+00    0.405345885382179194E+00   -0.225476476350149326E+02
    0.428248016164594521E-05    0.353266266583137298E-01    0.352088921178327074E+00    0.290848578885504416E+00    0.321735873277854800E+00   -0.225474229438922933E+02
    0.381186798642596779E-05    0.266585378155793973E+00    0.306950850327972424E+00    0.203305302769541507E+00    0.223158468746692096E+00   -0.225464070181438458E+02
    0.381289276876988347E-05    0.188510427764674110E+00    0.251845617272305589E+00    0.916416967610537703E-01    0.468002258201966503E+00   -0.225448919306543942E+02
    0.401396914245230554E-05    0.119732729807015409E+00    0.343806999002621239E+00    0.288470521023059034E+00    0.247989750167304290E+00   -0.225358623505196647E+02
    0.346452368849426489E-05    0.766453063286945402E+00    0.182172964082476296E+00    0.467226529855147010E-02    0.467017073320268317E-01   -0.225316517767666440E+02
    0.426082521936748020E-05    0.444021665418016798E+00    0.251612515804668146E+00    0.113867702802271875E+00    0.190498115975043181E+00   -0.225316214973526669E+02
    0.360238319676403647E-05    0.452973007279749762E+00    0.227714664022466540E+00    0.848566912961924436E-01    0.234455637401591255E+00   -0.225288804330953738E+02
    0.388770261208180370E-05    0.614985615088749715E+00    0.200582665736949606E+00    0.296342590314668808E-01    0.154797460142833798E+00   -0.225285879212019111E+02
    0.422141273943685013E-05    0.456281874427563017E+00    0.275544841490051706E+00    0.168039084223248536E+00    0.100134199859136741E+00   -0.225185465597623491E+02
    0.339249154714643682E-05    0.137772055257247866E+00    0.338857906814625465E+00    0.257494970871880613E+00    0.265875067056246084E+00   -0.225154438164432520E+02
    0.435991647805336924E-05    0.373589211661615239E+00    0.270884851298067775E+00    0.153220498249135972E+00    0.202305438791181014E+00   -0.225131879631491714E+02
    0.416062784926063218E-05    0.129568286528039617E+00    0.273320212230622972E+00    0.148207856083506506E+00    0.448903645157830877E+00   -0.225115535621382108E+02
    0.401774758407447824E-05    0.344831485250407077E+00    0.227081010780746051E+00    0.558204835719022796E-01    0.372267020396944592E+00   -0.225094075684631392E+02
    0.440552297154267368E-05    0.296237299455233249E+00    0.299069972540360052E+00    0.202608928989498893E+00    0.202083799014907806E+00   -0.224998818591024659E+02
    0.364603455483572600E-05    0.127924898511521806E+00    0.224351204188890513E+00    0.513243581889338274E-01    0.596399539110653798E+00   -0.224983068636976853E+02
    0.395589254293163454E-05    0.145879510552573061E+00    0.335269264592844451E+00    0.273007103002425033E+00    0.245844121852157427E+00   -0.224962476727259855E+02
    0.423608126671611765E-05    0.308230415908394728E+00    0.315543485034636251E+00    0.234644903435684449E+00    0.141581195621284572E+00   -0.224960672961744379E+02
    0.415766281272607178E-05    0.348051632139351030E+00    0.253657509192109776E+00    0.111240476593853499E+00    0.287050382074685695E+00   -0.224899792702514745E+02
    0.431460055207115717E-05    0.141523457196788660E+00    0.290137404684043365E+00    0.173570176906101714E+00    0.394768961213066261E+00   -0.224878485503142613E+02
    0.339871108016371847E-05    0.838560711025710531E-01    0.243416385829293980E+00    0.966017408773680586E-01    0.576125802190766922E+00   -0.224877573129622412E+02
    0.413638117604073743E-05    0.123577841530430138E+00    0.337410861030945752E+00    0.264272759338545715E+00    0.274738538100078422E+00   -0.224875344085052760E+02
    0.368999294959725857E-05    0.607753598329407341E+00    0.211167971210212135E+00    0.387263330903789837E-01    0.142352097370001540E+00   -0.224870869883830622E+02
    0.414643402941812797E-05    0.199056236484013910E+00    0.341547066930037002E+00    0.282223901268484512E+00    0.177172795317464549E+00   -0.224848214890459488E+02
    0.373420161768316173E-05    0.359693918388622524E+00    0.335774229981807837E+00    0.270870569401467254E+00    0.336612822281023849E-01   -0.224781596791961604E+02
    0.435097180582716625E-05    0.190478052055242653E+00    0.314579660566288999E+00    0.231465912483465708E+00    0.263476374895002641E+00   -0.224780115613584215E+02
    0.386555777572086964E-05    0.260373663542334544E+00    0.309189799107232044E+00    0.234186979076641544E+00    0.196249558273791869E+00   -0.224738925562363150E+02
    0.395843932412050399E-05    0.391144124829988948E+00    0.243618989752591886E+00    0.107677381570079667E+00    0.257559503847339499E+00   -0.224642828586680210E+02
    0.341614288084016934E-05    0.510681478086013718E+00    0.269784145982787549E+00    0.140723743716216543E+00    0.788106322149821903E-01   -0.224610169924619747E+02
    0.378766410617826379E-05    0.321168120034402260E+00    0.286497068534564192E+00    0.193302120087444407E+00    0.199032691343589141E+00   -0.224598215661713496E+02
    0.408293521186892816E-05    0.202132276306710074E+00    0.267818034945424333E+00    0.127691751563414724E+00    0.402357937184450898E+00   -0.224593915474122880E+02
    0.414176784801375596E-05    0.917233654334275728E-01    0.285598818487671158E+00    0.169220432301525392E+00    0.453457383777375878E+00   -0.224555062347780634E+02
    0.427115258093785712E-05    0.261684876558403612E+00    0.310056413635460049E+00    0.221516079281061096E+00    0.206742630525075244E+00   -0.224535977571005745E+02
    0.392668901815945798E-05    0.549180088365642582E+00    0.223570210711714457E+00    0.714943751007093287E-01    0.155755325821933632E+00   -0.224414672082235214E+02
    0.373150913740188133E-05    0.614009820911795234E+00    0.234680235625195244E+00    0.850485716011079029E-01    0.662613718619016190E-01   -0.224406004339063614E+02
    0.373175405929756850E-05    0.674171372624611132E+00    0.214724932176851069E+00    0.615278869946097595E-01    0.495758082039280401E-01   -0.224398692383419487E+02
    0.408339203725949401E-05    0.436591282982152995E+00    0.236521881336132944E+00    0.817133203760658233E-01    0.245173515305648237E+00   -0.224393778185618160E+02
    0.349582137599347032E-05    0.370075849750251873E+00    0.236962110978222062E+00    0.703028070682397699E-01    0.322659232203286295E+00   -0.224353562682933401E+02
    0.409814462109828607E-05    0.365792094951609761E-01    0.300244238028093746E+00    0.198709936303681556E+00    0.464466616173063729E+00   -0.224346155684530189E+02
    0.384309823423912910E-05    0.464960734370235940E+00    0.286744804211656545E+00    0.197981700821295847E+00    0.503127605968116676E-01   -0.224343239689035912E+02
    0.390999947359842024E-05    0.368322550052014253E+00    0.242250927205228728E+00    0.862293645049837520E-01    0.303197158237773268E+00   -0.224314247626426280E+02
    0.389865950792021004E-05    0.397503658124172821E+00    0.308008424678245574E+00    0.235076195746215522E+00    0.594117214513660841E-01   -0.224293181046812791E+02
    0.393898921269667797E-05    0.397358532713426027E+00    0.274069354817056743E+00    0.149444361046403462E+00    0.179127751423113768E+00   -0.224278904249498012E+02
    0.428295705878543267E-05    0.281772207343601699E+00    0.283244621785565254E+00    0.170999222833775666E+00    0.263983948037057381E+00   -0.224256502326445073E+02
    0.371829885572748761E-05    0.531430940220090631E+00    0.272835264590358006E+00    0.173353855237305954E+00    0.223799399522454090E-01   -0.224144082631070845E+02
    0.384486965748676418E-05    0.322425577453183954E+00    0.339511975375440811E+00    0.290667822710927726E+00    0.473946244604475098E-01   -0.224129521545390347E+02
    0.383623030113783886E-05    0.408508725864675570E+00    0.262262684651019984E+00    0.126481955032870408E+00    0.202746634451434038E+00   -0.224026943348247372E+02
    0.366449618769347907E-05    0.206522352951093058E+00    0.234720106902786829E+00    0.624462764400008918E-01    0.496311263706119221E+00   -0.223892585389532499E+02
    0.411125803304115441E-05    0.303523047455336314E+00    0.254245889345898313E+00    0.109483776792383858E+00    0.332747286406381515E+00   -0.223862462933353257E+02
    0.346770490098668353E-05    0.151939271097008277E+00    0.262575499414247848E+00    0.115677134794626879E+00    0.469808094694116996E+00   -0.221232892653866386E+02
    0.387274298150854943E-05    0.474168882041650572E-01    0.281803488833670901E+00    0.153946249738222740E+00    0.516833373223941295E+00   -0.222815144506740310E+02
    0.369599873749970818E-05    0.239380371222577895E-01    0.318219288366124065E+00    0.236355898581052548E+00    0.421486775930565605E+00   -0.222779363382727027E+02
    0.353153805830193397E-05    0.198758857630667557E+00    0.279529600672031808E+00    0.171383462371133111E+00    0.350328079326167496E+00   -0.222353156339411910E+02
    0.354859493793188823E-05    0.175940275192260742E+00    0.259716093540191650E+00    0.109745025634765625E+00    0.454598605632781982E+00   -0.222094251733698869E+02
    0.331334133109662804E-05    0.278423988083165264E+00    0.318458867779849220E+00    0.240139083526404007E+00    0.162978060610581510E+00   -0.217694718771783862E+02
    0.355171605669248335E-05    0.333657678579830030E+00    0.252825328454924836E+00    0.109596647746553755E+00    0.303920345218691379E+00   -0.220536341925865784E+02
    0.315717784419883942E-05    0.258097459111610417E+00    0.280717544019148502E+00    0.148631357174539125E+00    0.312553639694701957E+00   -0.220771226955399804E+02
    0.339787657411335254E-05    0.461781893518239506E+00    0.298685161838802338E+00    0.203950682979491260E+00    0.355822616634668965E-01   -0.220621960368502066E+02
    0.351035538972215122E-05    0.447277671563544144E+00    0.245664749365937074E+00    0.118467597753927900E+00    0.188589981316590882E+00   -0.223528523788965643E+02
    0.373258983756663448E-05    0.310812060914467281E+00    0.312108352279840406E+00    0.235863652745476826E+00    0.141215934060215487E+00   -0.221777834951167918E+02
    0.379891781395009048E-05    0.312532727171352331E+00    0.332368007123930942E+00    0.264872714706234191E+00    0.902265509984825353E-01   -0.223262043908362742E+02
    0.380525082067186920E-05    0.577545750128458768E+00    0.263071181074570282E+00    0.152520979940005019E+00    0.686208885696593107E-02   -0.223642921778443409E+02
    0.404734490687399426E-05    0.196980152690840460E+00    0.284060353012063005E+00    0.159815704312776141E+00    0.359143789984320394E+00   -0.223844797701431801E+02
    0.394779397739925257E-05    0.370857006222260477E+00    0.272613964681668430E+00    0.152001599057640768E+00    0.204527430038430325E+00   -0.222243735150355590E+02
    0.392378651231273029E-05    0.244341759008795234E+00    0.292131094459707807E+00    0.185156408865134070E+00    0.278370737666362889E+00   -0.221562919769126623E+02
    0.390226376300164901E-05    0.231980505910706097E+00    0.262600862319595452E+00    0.135427231121667713E+00    0.369991400648030710E+00   -0.223204119355764945E+02
    0.393606898673604563E-05    0.265097582779012797E+00    0.279555867034328942E+00    0.155237093167466589E+00    0.300109457019191672E+00   -0.223019045925200956E+02
    0.374874952043924234E-05    0.324899176351448216E+00    0.228945623261564923E+00    0.739145013972841713E-01    0.372240698989702690E+00   -0.223704771908421165E+02
    0.355154309752041340E-05    0.781110790969559154E-01    0.306112048802702874E+00    0.217814656398380324E+00    0.397962215701960886E+00   -0.222636941216445123E+02
    0.369526184903054316E-05    0.681872570834083924E-01    0.335825462531148422E+00    0.273521346835208956E+00    0.322465933550234229E+00   -0.222685700978241314E+02
    0.370657679194076942E-05    0.489629541130635337E-01    0.369753142347787334E+00    0.338706762898825064E+00    0.242577140640324096E+00   -0.223576577647828074E+02
    0.361746917472288658E-05    0.165894277870323736E-01    0.323988983185979573E+00    0.229034942114518081E+00    0.430386646912469972E+00   -0.222033605936815732E+02
    0.338689807447156370E-05    0.483111699873824268E-01    0.350382044468901033E+00    0.300208018118389597E+00    0.301098767425326930E+00   -0.222051260605772711E+02
    0.378557906363315944E-05    0.579978697106010854E-02    0.365910183424830171E+00    0.328331410803401780E+00    0.299958618800707955E+00   -0.223783203182502533E+02
    0.371651114697769868E-05    0.111640724250226933E+00    0.330138542694020487E+00    0.257185723051250203E+00    0.301035010004502390E+00   -0.221010750604783155E+02
    0.354500667522342920E-05    0.938383406860681529E-01    0.290775536479871144E+00    0.169803114182074388E+00    0.445583008651986301E+00   -0.220782718720368578E+02
    0.366951996280855560E-05    0.204588462913651181E+00    0.246497942432552963E+00    0.960720921265731942E-01    0.452841502527222661E+00   -0.221928709947332621E+02
    0.322570098505827328E-05    0.124183968271126211E+00    0.273714758767539368E+00    0.159541897127271182E+00    0.442559375834063240E+00   -0.221338333907228950E+02
    0.339322812291342267E-05    0.613731842153204601E-01    0.275740288406303324E+00    0.132857500788616412E+00    0.530029026589759811E+00   -0.221377545945756644E+02
    0.370477959540666293E-05    0.229376918507488634E-01    0.387290795602935112E+00    0.361265468397570622E+00    0.228506044148745424E+00   -0.223361991310997112E+02
    0.376892721862591402E-05    0.816073817606146334E-01    0.323912937704369241E+00    0.243034421756289143E+00    0.351445258778727010E+00   -0.221063503532551024E+02
    0.373670789740427220E-05    0.248560740275283576E+00    0.248866900981598249E+00    0.950144870876987180E-01    0.407557871655419457E+00   -0.222464783805275559E+02
    0.367965809550218279E-05    0.511596417011919366E-01    0.264957742619652881E+00    0.130604096927284863E+00    0.553278518751870285E+00   -0.223756031273011970E+02
    0.325770842755725697E-05    0.109272684698369524E+00    0.235734409217210950E+00    0.715429168668156867E-01    0.583449989217603826E+00   -0.220180221051234746E+02
    0.336967900918360423E-05    0.901991434116760776E-01    0.235193663710683676E+00    0.690562204205282248E-01    0.605550972457111980E+00   -0.221281237951497012E+02
    0.353332445569503034E-05    0.197602136382014154E+00    0.285393911159845026E+00    0.171342200718524851E+00    0.345661751739615997E+00   -0.219487355402565711E+02
    0.311705112493186957E-05    0.143179994432049373E+00    0.308828693823565092E+00    0.228268000624527012E+00    0.319723311119858522E+00   -0.219009288734437284E+02
    0.329730376088851877E-05    0.150709104819604867E+00    0.276739280702746449E+00    0.139664249301866494E+00    0.432887365175782191E+00   -0.219819174478507300E+02
    0.305842053962279779E-05    0.171727665943009006E+00    0.244130115248823693E+00    0.778305745941651472E-01    0.506311644214002099E+00   -0.218726557729216999E+02
    0.339060042955439488E-05    0.276403312954406510E+00    0.214552283234991592E+00    0.388979983620285630E-01    0.470146405448573335E+00   -0.220688741024433845E+02
    0.342588446489838693E-05    0.171134028132469973E+00    0.334065841315079270E+00    0.269326188973220582E+00    0.225473941579230175E+00   -0.220739208462110525E+02
    0.343389901623821752E-05    0.170690242121239899E+00    0.336802626674696792E+00    0.276856476442922217E+00    0.215650654761141092E+00   -0.221113160676462428E+02
    0.303802630781644426E-05    0.154158789944662200E+00    0.302285444908492684E+00    0.187674519017864916E+00    0.355881246128980200E+00   -0.218738268539266407E+02
    0.347902144658568319E-05    0.394533348483780341E-01    0.295468959156285682E+00    0.176664682018314811E+00    0.488413023977021465E+00   -0.220597627423600855E+02
    0.360627966561858850E-05    0.198437407731153585E-01    0.330066822983862307E+00    0.239268850310723924E+00    0.410820585932298421E+00   -0.222535381921373485E+02
    0.389448724953928508E-05    0.198159600177575723E+00    0.336859976303101827E+00    0.270009772517803670E+00    0.194970651001518780E+00   -0.222439461534232308E+02
    0.334001064097653820E-05    0.401333185034138396E+00    0.252734658618572805E+00    0.132449834552424095E+00    0.213482321794864705E+00   -0.221892487725523431E+02
    0.338765518637545291E-05    0.486530500936674826E+00    0.204876426110136678E+00    0.340460149129103717E-01    0.274547058040278125E+00   -0.221065717436295124E+02
    0.337357826033372854E-05    0.323530361649974008E+00    0.263819241549185513E+00    0.119049183054690144E+00    0.293601213746150336E+00   -0.222572319951689330E+02
    0.361319848392339221E-05    0.322805590723902636E+00    0.255558073647080775E+00    0.119934799436028250E+00    0.301701536192988340E+00   -0.220410252875847803E+02
    0.346058324643172841E-05    0.376601953464768324E+00    0.238846177028030793E+00    0.811962988152249432E-01    0.303355570691975940E+00   -0.220831292903039369E+02
    0.347501848631886652E-05    0.333351831150987099E+00    0.268014316870945124E+00    0.148904790394894015E+00    0.249729061583173761E+00   -0.219710541545166009E+02
    0.315809085061458417E-05    0.370693305424273867E+00    0.242665702945200124E+00    0.103329560508330642E+00    0.283311431122195367E+00   -0.218070791726861550E+02
    0.315809085061458417E-05    0.370693305424273867E+00    0.242665702945200124E+00    0.103329560508330642E+00    0.283311431122195367E+00   -0.218070791726861550E+02
    0.315941231975470348E-05    0.424724398394608849E+00    0.223046546717123761E+00    0.705387131188227601E-01    0.281690341769444630E+00   -0.219775089628118501E+02
    0.358080269885632652E-05    0.217973657409992888E+00    0.307505140468444127E+00    0.212282506866838250E+00    0.262238695254724763E+00   -0.220028586675952695E+02
    0.370519206825004088E-05    0.297316033817160874E+00    0.227277864355831416E+00    0.541342931222572599E-01    0.421271808704750450E+00   -0.223621810509950549E+02
    0.382111829789862183E-05    0.516041173587900914E+00    0.247209133100558365E+00    0.117668347709632970E+00    0.119081345601907751E+00   -0.223027373161652989E+02
    0.374867441026040834E-05    0.258528858334925338E+00    0.326769082498310159E+00    0.250328316876874291E+00    0.164373742289890212E+00   -0.222303860035170331E+02
    0.369403046548820268E-05    0.559421450698144973E+00    0.269881083181576997E+00    0.166211261403477861E+00    0.448620471680016841E-02   -0.223147239068334287E+02
    0.344967576365046714E-05    0.380198615764447967E+00    0.323314632915619182E+00    0.266483053530450320E+00    0.300036977894825307E-01   -0.222746965265994916E+02
    0.358933246719187183E-05    0.481176454150879618E+00    0.282849605260001025E+00    0.190350585577195641E+00    0.456233550119237163E-01   -0.222763286781294667E+02
    0.358089295654781322E-05    0.286822703507446153E+00    0.332877359536403572E+00    0.262939101566726285E+00    0.117360835389423990E+00   -0.222035021489907152E+02
    0.368061464789342647E-05    0.516607901593015617E+00    0.238778851052976915E+00    0.921323542660894557E-01    0.152480893087918012E+00   -0.222032194693533214E+02
    0.379666127431164240E-05    0.463250812752461494E+00    0.256384956664995278E+00    0.125123757405244951E+00    0.155240473177298277E+00   -0.221932367571660691E+02
    0.388616161345515796E-05    0.376668573536014128E+00    0.284654242010016767E+00    0.185253119003341737E+00    0.153424065450627367E+00   -0.222516089881961037E+02
    0.395367795058143115E-05    0.424988348478348543E+00    0.267425892932916631E+00    0.145261594464843324E+00    0.162324164123891501E+00   -0.222475803247237494E+02
    0.391971297121822244E-05    0.554352085501796155E+00    0.239213088502303051E+00    0.972637797151084671E-01    0.109171046280792328E+00   -0.223405452927170884E+02
    0.381365818230559396E-05    0.271563305708449498E+00    0.327301444144765530E+00    0.253959521279104816E+00    0.147175728867680156E+00   -0.222318684975044292E+02
    0.376846024290676019E-05    0.421948192023932689E+00    0.243380091825324885E+00    0.108070067318225105E+00    0.226601648832517322E+00   -0.222984211318620922E+02
    0.371844962818616670E-05    0.352711885719505736E+00    0.298476708186428352E+00    0.201037160032750406E+00    0.147774246061315506E+00   -0.221453595349995069E+02
    0.380945704897405205E-05    0.290482130449156883E+00    0.297749981080018100E+00    0.190204801148683766E+00    0.221563087322141250E+00   -0.223411228293237585E+02
    0.373674250267731757E-05    0.295480003951098746E+00    0.290333497357806669E+00    0.194424101427934537E+00    0.219762397263160048E+00   -0.222006272613080640E+02
    0.373566083932065576E-05    0.344874201934355862E+00    0.302250806607466449E+00    0.212390505638943905E+00    0.140484485819233784E+00   -0.221179105857084508E+02
    0.400400327727373992E-05    0.335413891721315638E+00    0.283054061496526344E+00    0.182082055238049101E+00    0.199449991544108918E+00   -0.223586453709247692E+02
    0.390330383353869453E-05    0.379154239584415576E+00    0.270558015152068176E+00    0.150760777723631390E+00    0.199526967539884859E+00   -0.221912995195355691E+02
    0.401582660118676906E-05    0.382456227081018729E+00    0.271321222478373036E+00    0.159241230082188601E+00    0.186981320358419634E+00   -0.223105017199309899E+02
    0.399432056176352859E-05    0.389807241278204819E+00    0.256918467954281138E+00    0.125901364322448583E+00    0.227372926445065460E+00   -0.222711315937888870E+02
    0.382982925158960658E-05    0.259760328774512661E+00    0.300655323949733211E+00    0.194253684605418253E+00    0.245330662670335875E+00   -0.223458039490465765E+02
    0.397831375925586338E-05    0.355167506391015853E+00    0.263641684929243503E+00    0.135319150313752967E+00    0.245871658365987678E+00   -0.222246835293506777E+02
    0.407134322708293266E-05    0.184092470572802203E+00    0.294356885010055858E+00    0.196264732079533100E+00    0.325285912337608840E+00   -0.223795976097843052E+02
