1.000,6178537836087541760.000000
1.081,5907864533958420480.000000
1.162,5712741271767627776.000000
1.242,5200451262533059584.000000
1.323,4871792615724804096.000000
1.404,4654002293946800128.000000
1.485,4472561747395198464.000000
1.566,4293917995038061568.000000
1.646,4189328432539817984.000000
1.727,4063032021255718400.000000
1.808,3859104582519377408.000000
1.889,3698726107901342208.000000
1.970,3504750517396945920.000000
2.051,3338118644462009856.000000
2.131,3149141308518144512.000000
2.212,2982296668418593280.000000
2.293,2751194925063533056.000000
2.374,2597395480279209984.000000
2.455,2441183159572482048.000000
2.535,2315475065322220032.000000
2.616,2183921680750152960.000000
2.697,2060856087128431104.000000
2.778,1967017999358431744.000000
2.859,1867848377840971264.000000
2.939,1740028937033866752.000000
3.020,1631704817560239616.000000
3.101,1559398585355259904.000000
3.182,1482409551888330496.000000
3.263,1398930474099858432.000000
3.343,1324186306769261568.000000
3.424,1224402453082036992.000000
3.505,1148325279207928192.000000
3.586,1084536567430674944.000000
3.667,1013031875565240576.000000
3.747,945717043722883328.000000
3.828,885646985914338688.000000
3.909,832024195936373120.000000
3.990,774452373605287168.000000
4.071,723223178037902592.000000
4.152,669596207073717632.000000
4.232,614363865614253056.000000
4.313,569424269108990016.000000
4.394,529193863301582912.000000
4.475,484789695779341888.000000
4.556,442799568452646912.000000
4.636,407615913382912064.000000
4.717,380378467575031360.000000
4.798,353928571760682816.000000
4.879,329246830330109120.000000
4.960,305293576804613376.000000
5.040,284710947671055904.000000
5.121,263018728568430400.000000
5.202,243719503820451648.000000
5.283,224897743788201376.000000
5.364,206949472359068832.000000
5.444,192219132390105184.000000
5.525,176718150840973824.000000
5.606,163096228003174816.000000
5.687,150176682928839424.000000
5.768,137651302310570768.000000
5.848,124570841271903280.000000
5.929,111796272072855904.000000
6.010,101964017547021264.000000
6.091,91700110194522368.000000
6.172,83060347668351152.000000
6.253,74034626069638288.000000
6.333,67565108031151352.000000
6.414,60877902390349232.000000
6.495,55713705818798312.000000
6.576,50189862292127704.000000
6.657,45231761439365640.000000
6.737,40980108967111456.000000
6.818,36390442860641224.000000
6.899,32384199934024704.000000
6.980,28724094418732032.000000
7.061,25765790433395028.000000
7.141,20227950379686252.000000
7.222,18354487023254056.000000
7.303,15287840449371072.000000
7.384,12809871755616020.000000
7.465,10905234078493004.000000
7.545,9328264623537370.000000
7.626,8078800833346308.000000
7.707,7040921488899102.000000
7.788,6127490068806143.000000
7.869,5332559751236270.000000
7.949,4640757174828915.000000
8.030,4038703392068532.500000
8.111,3514755130386078.000000
8.192,3058779619923502.500000
8.273,2661958633297940.500000
8.354,2316617947639732.500000
8.434,2016078930827557.750000
8.515,1754529381708354.750000
8.596,1526911126447950.000000
8.677,1328822197209631.250000
8.758,1156431701368722.500000
8.838,1006405734897263.750000
8.919,875842907138671.125000
9.000,762218230069434.000000