1.000,74815144087444537344.000000
1.081,70309200325329879040.000000
1.162,67250333016394940416.000000
1.242,60670841631021391872.000000
1.323,57049770800794624000.000000
1.404,54432348616852062208.000000
1.485,52631636927642812416.000000
1.566,50955695764306206720.000000
1.646,49682966087301808128.000000
1.727,48088145047574978560.000000
1.808,45891189260837126144.000000
1.889,43788839469797351424.000000
1.970,41439445998173601792.000000
2.051,39551420921152643072.000000
2.131,37332940990742003712.000000
2.212,35351811432925458432.000000
2.293,32887878521464504320.000000
2.374,31105997520652734464.000000
2.455,29362785809429786624.000000
2.535,27871159981117239296.000000
2.616,26372537417501925376.000000
2.697,24994152683516108800.000000
2.778,23803753906258800640.000000
2.859,22625081641393233920.000000
2.939,21045271733768884224.000000
3.020,19741168136390889472.000000
3.101,18788234262859476992.000000
3.182,17852461411322322944.000000
3.263,16857899453397671936.000000
3.343,15920614377435181056.000000
3.424,14750034045853794304.000000
3.505,13813283992344092672.000000
3.586,12960915793557837824.000000
3.667,12112178128671825920.000000
3.747,11310871732506873856.000000
3.828,10600705815288129536.000000
3.909,9922865720326019072.000000
3.990,9238730121711558656.000000
4.071,8584030785705843712.000000
4.152,7925586516003773440.000000
4.232,7192154491101176832.000000
4.313,6650022844415740928.000000
4.394,6161680911131277312.000000
4.475,5653273480058041344.000000
4.556,5080270327932698624.000000
4.636,4671848056204814336.000000
4.717,4335943635936336896.000000
4.798,4004142167797225984.000000
4.879,3712982148018288128.000000
4.960,3434425508756341248.000000
5.040,3189320630864750592.000000
5.121,2933434469206857216.000000
5.202,2710522544501082112.000000
5.283,2502399145280079872.000000
5.364,2302076366783778304.000000
5.444,2128974942694494208.000000
5.525,1945168302543833600.000000
5.606,1785837177559422976.000000
5.687,1641303790758457856.000000
5.768,1503528325218111488.000000
5.848,1353743837895791360.000000
5.929,1199774112827248640.000000
6.010,1092753638002406400.000000
6.091,976790176532660352.000000
6.172,889190713658286976.000000
6.253,786826326475060096.000000
6.333,714902135327999232.000000
6.414,642365863787609216.000000
6.495,587622470681271424.000000
6.576,529489469266890304.000000
6.657,478883674642878208.000000
6.737,432699769044628928.000000
6.818,382665693532347328.000000
6.899,340078583957410240.000000
6.980,299559454771573696.000000
7.061,267539699812102624.000000
7.141,213826515687523296.000000
7.222,189883618393233312.000000
7.303,157496264134077824.000000
7.384,132741179109644544.000000
7.465,112941633239637856.000000
7.545,96419450591139104.000000
7.626,83102472737636880.000000
7.707,71803319374938408.000000
7.788,62006165323727128.000000
7.869,53206627538978528.000000
7.949,45639880817918048.000000
8.030,39187957189024128.000000
8.111,33645186540671184.000000
8.192,28892486572162968.000000
8.273,24816350005848736.000000
8.354,21319705875173380.000000
8.434,18319520902420332.000000
8.515,15744753574165880.000000
8.596,13534608675930482.000000
8.677,11637047837838744.000000
8.758,10007518264189670.000000
8.838,8607867448235489.000000
8.919,7405416458885773.000000
9.000,6372168455522919.000000