1.000,72894203055181424.000000
1.081,69655474205694616.000000
1.162,67323785737708056.000000
1.242,61284719636585232.000000
1.323,57427343879532216.000000
1.404,54863199473138056.000000
1.485,52743440454820328.000000
1.566,50658070363981720.000000
1.646,49424521056180536.000000
1.727,47932834996786656.000000
1.808,45537177560827576.000000
1.889,43636993769574248.000000
1.970,41350481527123096.000000
2.051,39393274161498592.000000
2.131,37167738275434128.000000
2.212,35203544344309576.000000
2.293,32493577601490184.000000
2.374,30683745300967476.000000
2.455,28845715565591700.000000
2.535,27366298652723596.000000
2.616,25817741407921892.000000
2.697,24370591570199348.000000
2.778,23261679171560396.000000
2.859,22093160737861400.000000
2.939,20583891960755872.000000
3.020,19306255719396080.000000
3.101,18449760139790032.000000
3.182,17539773245295504.000000
3.263,16555357818153908.000000
3.343,15670891913782452.000000
3.424,14494765431948772.000000
3.505,13595050313502302.000000
3.586,12837989026766974.000000
3.667,11994078167533680.000000
3.747,11199377321311948.000000
3.828,10490161992626126.000000
3.909,9854684477937024.000000
3.990,9174428458098892.000000
4.071,8567246898914299.000000
4.152,7932827501648920.000000
4.232,7276704046099816.000000
4.313,6745073660356325.000000
4.394,6269057971326572.000000
4.475,5744845317933091.000000
4.556,5245783088206676.000000
4.636,4829750344290194.000000
4.717,4506473884807710.000000
4.798,4192083911582386.500000
4.879,3899675472671372.000000
4.960,3616421632907857.500000
5.040,3372262940434662.500000
5.121,3115300053019985.500000
5.202,2886830079258426.500000
5.283,2664213067009645.000000
5.364,2451885979670839.500000
5.444,2277136926545986.000000
5.525,2093222944961895.250000
5.606,1931651887501242.750000
5.687,1778775148678799.000000
5.768,1630429931559647.500000
5.848,1475585827817233.250000
5.929,1323853268235771.250000
6.010,1207617157308717.000000
6.091,1086038512915946.375000
6.172,984216806603259.875000
6.253,877271914386697.625000
6.333,800486418042425.500000
6.414,721521514794988.500000
6.495,660328819625822.125000
6.576,595002914466079.625000
6.657,536402085166658.625000
6.737,485983350668359.812500
6.818,431557085210237.562500
6.899,384135825335309.062500
6.980,340710183854774.500000
7.061,305618828247706.250000
7.141,240418360482958.593750
7.222,218045038255899.937500
7.303,181751135670669.718750
7.384,152436327497411.062500
7.465,129854964458520.578125
7.545,111150336690530.000000
7.626,96326428740514.640625
7.707,83987188945289.171875
7.788,73123174145973.000000
7.869,63604339681743.335938
7.949,55320935213352.367188
8.030,48122159220587.843750
8.111,41858894745824.835938
8.192,36411247370155.023438
8.273,31672937962769.351562
8.354,27551546686180.550781
8.434,23966704024843.773438
8.515,20848518187138.281250
8.596,18136207953913.203125
8.677,15776914099564.994141
8.758,13724666032290.703125
8.838,11939483358781.048828
8.919,10386594735933.279297
9.000,9035758680949.121094