    0.390289219089379994E-84    0.579403582225237187E+03    0.126366089680644353E-04    0.658019972371009828E-05    0.340448248140202116E-06    0.157672865737003413E-05    0.107458054889768400E-04    0.431222669888967095E-05    0.191717690551023615E-05    0.597928342001328383E+00    0.311356307754629247E+00    0.161090413624556394E-01    0.746063088815867997E-01
    0.198900201397468455E-05    0.216943307238730995E+03    0.122687557593137866E-05    0.972576613252028118E-05    0.314305127118829667E-05    0.243425805190106403E-05    0.118724668836314729E-04    0.342653702817053039E-05    0.557730932308936027E-05    0.742213678425520523E-01    0.588372349921812754E+00    0.190142805940017534E+00    0.147263476295617812E+00
    0.352203718137298978E-22    0.294088387291563777E+03    0.269935019101633481E-05    0.748203993933498526E-05    0.271057282886418202E-05    0.176132581097293720E-05    0.946809728432638713E-05    0.302817402045915355E-05    0.447189863983711943E-05    0.184214631496791403E+00    0.510604824396616808E+00    0.184980509930217141E+00    0.120200034176374648E+00
    0.803228276520710649E-64    0.485856676702561344E+03    0.538956147650835344E-06    0.137441923352521654E-04    0.310978817294976845E-05    0.586813387977048484E-06    0.157232421152051040E-04    0.371190019218430150E-05    0.369660156092681672E-05    0.299757308270139737E-01    0.764426218481764397E+00    0.172960589850745278E+00    0.326374608404763414E-01
    0.197199827000962511E-51    0.428798307061232663E+03    0.697991214053150499E-05    0.695220723266427975E-05    0.620351725714419403E-05    0.106155928079127279E-05    0.123194218513114734E-04    0.436762714107800962E-05    0.726507653793546660E-05    0.329284692644943366E+00    0.327977684492385013E+00    0.292657447860193098E+00    0.500801750024783970E-01
    0.160269561549659136E-56    0.452238878806348112E+03    0.124455371833502994E-04    0.266869254806414489E-06    0.307850708877684497E-05    0.422836330876181225E-06    0.115387647318036983E-04    0.330462338115730851E-05    0.350134341965302630E-05    0.767591537583491634E+00    0.164594407306629630E-01    0.189870148224471846E+00    0.260788734613734002E-01
    0.862246827287406817E-04    0.209404660305101970E+03    0.122026585744118265E-04    0.315142146552728072E-06    0.615912798881623686E-05    0.247473739421994451E-05    0.150095221698337323E-04    0.435068802708165355E-05    0.863386538303618095E-05    0.576912405595498279E+00    0.148991642078313835E-01    0.291188786667319177E+00    0.116999643529351077E+00
    0.475117880158223071E-13    0.252043149239467311E+03    0.127278457728102200E-04    0.186889532877184962E-06    0.875756988278543462E-05    0.109560976432861447E-05    0.944602347245704149E-05    0.468144050058946435E-05    0.985317964711404910E-05    0.559025532166446126E+00    0.820846060188701321E-02    0.384645229962433111E+00    0.481207772692337082E-01
    0.171212306881639159E+00    0.194217254011392470E+03    0.776693634570585388E-05    0.251999616622571594E-05    0.530002518114859313E-05    0.401078271390447795E-05    0.890221298394118008E-05    0.405586487448702515E-05    0.931080789505307108E-05    0.396317952192984213E+00    0.128586057060312342E+00    0.270440625862135742E+00    0.204655364884567703E+00
    0.758383218132486220E-86    0.587285321055185705E+03    0.711166197119313393E-05    0.237711649362185758E-06    0.634440387546513836E-05    0.231828909789313149E-05    0.103563861847281666E-04    0.331228920451913150E-05    0.866269297335826943E-05    0.444143916681958850E+00    0.148457819587474917E-01    0.396226423257366123E+00    0.144783878101927554E+00
    0.513456607961841702E-44    0.394648219842519211E+03    0.922487938535564674E-05    0.217993714256285967E-05    0.428589417606246525E-05    0.387243038228958168E-06    0.128428703759060289E-04    0.329341835802759335E-05    0.467313721429142326E-05    0.573759542617497176E+00    0.135585484167665332E+00    0.266569629741537306E+00    0.240853434733001824E-01
    0.161060019874725234E-58    0.461439379313397694E+03    0.123284394846493440E-04    0.512034405383355218E-07    0.301882723769102877E-05    0.877925427424324552E-06    0.804280842178427315E-05    0.332133023478040920E-05    0.389675266511535343E-05    0.757442851290382912E+00    0.314587097949627905E-02    0.185472712366953757E+00    0.539385653631670806E-01
    0.303989015243540545E-38    0.368065546639797503E+03    0.472915695226342226E-05    0.790921015440907033E-06    0.577006944533021330E-05    0.112871494898998278E-04    0.153587747167344635E-04    0.474005347276194037E-05    0.170572189352300420E-04    0.209465153095841766E+00    0.350316966128089088E-01    0.255569542719716714E+00    0.499933607571632577E+00
    0.577644986382598792E-25    0.306914398416210133E+03    0.345321814497845815E-05    0.301038284220052385E-05    0.528029911048294730E-05    0.940884334844691294E-05    0.117776134641542170E-04    0.443450663900167681E-05    0.146891424589298602E-04    0.163251549557922482E+00    0.142316425756787546E+00    0.249627152333012636E+00    0.444804872352277225E+00
    0.558788815534859353E-25    0.306980774131257022E+03    0.502956149496163774E-05    0.295827117391522762E-05    0.317298869641343850E-05    0.497148763356581218E-05    0.106792399451109153E-04    0.335175860361522682E-05    0.814447632997925110E-05    0.311769474246883393E+00    0.183375558584018411E+00    0.196685340991077179E+00    0.308169626178020850E+00
    0.627213869534606562E-16    0.265303210517015941E+03    0.111744562167096496E-05    0.276074955252185685E-05    0.580283326802415455E-05    0.111383345671704555E-04    0.943597328534904738E-05    0.439070908946209500E-05    0.169411678351946109E-04    0.536733818977607330E-01    0.132604900124803859E+00    0.278722901628049913E+00    0.534998816349385398E+00
    0.199130503258847959E-30    0.332070247475154247E+03    0.197519531375902161E-06    0.209178458865517112E-05    0.833825301466339121E-06    0.122423296612078936E-04    0.122845009794683687E-04    0.325984330312475585E-05    0.130761549626742333E-04    0.128547757872214570E-01    0.136135508701434982E+00    0.542662146948057547E-01    0.796743500816537886E+00
    0.157645927127867989E-85    0.585821825413097031E+03    0.672438187019448727E-05    0.357935657141444316E-05    0.253030723736903197E-05    0.957065692712195817E-05    0.152616232596108949E-04    0.466904808619514098E-05    0.121009641644909893E-04    0.300132610033560676E+00    0.159759164597878894E+00    0.112936434901846405E+00    0.427171790466714107E+00
    0.106474339879021884E+00    0.195167254673590833E+03    0.755522547106606927E-05    0.414839673932910627E-05    0.154977357629130590E-05    0.450404776159564069E-05    0.102491726330711798E-04    0.366563118014681847E-05    0.605382133788694701E-05    0.425468083315234391E+00    0.233614524976509225E+00    0.872745883762774538E-01    0.253642803331978972E+00
    0.523780170053359472E-03    0.205796429116590843E+03    0.576458208026259720E-05    0.218619794796504686E-05    0.723635765430852476E-05    0.524097851860615085E-05    0.143988239834212671E-04    0.425232757131492102E-05    0.124773361729146765E-04    0.282188627845197382E+00    0.107019067565456510E+00    0.354235191490827439E+00    0.256557113098518641E+00
    0.197759545286858792E-25    0.309058213605427227E+03    0.352799234310955292E-05    0.495384819521432255E-05    0.208305337375109219E-07    0.620813728192138628E-05    0.900129121190211052E-05    0.306091942219907660E-05    0.622896781565889743E-05    0.239823146234815321E+00    0.336748877152840409E+00    0.141600197869964830E-02    0.422011974633644704E+00
    0.231860705713446363E-26    0.313345213971427256E+03    0.164077551469320068E-05    0.215573072606823256E-05    0.711888265689905296E-05    0.109613080109712991E-04    0.116035482372191100E-04    0.461058073101409552E-05    0.180801906678703503E-04    0.750010626168069877E-01    0.985400462908847946E-01    0.325409392772187112E+00    0.501049498320121023E+00
    0.173211281142875170E-73    0.530371462027499547E+03    0.127161989058372659E-05    0.487584537171722803E-05    0.119641911839279327E-04    0.564010632204034785E-05    0.116436554051864590E-04    0.497593644620283595E-05    0.176042975059682822E-04    0.535379164481436173E-01    0.205283515976802833E+00    0.503718031400654187E+00    0.237460536174399328E+00
    0.178755496012181203E-03    0.207946535407540978E+03    0.771925992471850632E-06    0.577017740410014473E-06    0.138832021954268825E-04    0.561578548762799198E-05    0.150207671826408389E-04    0.438932139158401211E-05    0.194989876830548753E-04    0.370265028731708509E-01    0.276774577246031231E-01    0.665927084967968375E+00    0.269368954434257624E+00
    0.904548616671740006E-57    0.453382891200611084E+03    0.620643864292015622E-05    0.924449645061168437E-07    0.172688609606341031E-04    0.273015528903807926E-05    0.132309812869296417E-04    0.548165266274582435E-05    0.199990162496721836E-04    0.236005105983582320E+00    0.351529837015344959E-02    0.656663119658690397E+00    0.103816475987573681E+00
    0.101834587098392618E+00    0.195256363102022988E+03    0.116261831841808133E-05    0.418613431404585603E-05    0.885016696805034766E-05    0.539045290330069356E-05    0.114561377077102761E-04    0.410493751684360459E-05    0.142406198713510421E-04    0.593494415500886718E-01    0.213694150398672400E+00    0.451784097031530774E+00    0.275172311019708127E+00
    0.120436856913224969E-50    0.425179320791884493E+03    0.424445458263169300E-05    0.391721483067026835E-05    0.696125939965652206E-05    0.527839552818762650E-06    0.147642025218451019E-04    0.323664765114030531E-05    0.748909895247528503E-05    0.271197840478735241E+00    0.250288978733839484E+00    0.444787069680128988E+00    0.337261111072963762E-01
    0.492845136045754146E-43    0.390124990705056007E+03    0.356185746477039257E-05    0.130105615235423902E-05    0.186417993488975353E-04    0.224145909083924966E-05    0.854148676292334419E-05    0.537997042679653817E-05    0.208832584397367841E-04    0.138345127846729699E+00    0.505339647960405952E-01    0.724061010224215096E+00    0.870598971330145827E-01
    0.148622184038781948E-58    0.461600118676775310E+03    0.351670220856986058E-05    0.196983083036884685E-05    0.100587746344787060E-04    0.846909941106225737E-05    0.765478798401314298E-05    0.503617386190891305E-05    0.185278740455409617E-04    0.146441350652487229E+00    0.820270441589179972E-01    0.418864167626258665E+00    0.352667437562336206E+00
    0.264080663239757360E-01    0.197955723693505206E+03    0.341194129423966032E-05    0.307063083141223994E-05    0.114084432567601741E-04    0.193663662987100695E-05    0.592651861974642472E-05    0.412933981823223168E-05    0.133450798866311814E-04    0.172079946335854023E+00    0.154866084471827897E+00    0.575380445939475349E+00    0.976735232528428005E-01
    0.740671250619813272E-31    0.334048224730317088E+03    0.296959342161535088E-05    0.338170758156211058E-05    0.115365588551882778E-04    0.504803267752954260E-05    0.413136481746254237E-05    0.479545061977651385E-05    0.165845915327178204E-04    0.129473636875820641E+00    0.147441725944157109E+00    0.502991494101799441E+00    0.220093143078222808E+00
    0.244288136337670865E-03    0.207321876433136822E+03    0.247147795664124592E-05    0.277287254497326467E-05    0.149749083188588239E-04    0.199954231450870094E-05    0.288891460394174110E-05    0.464060483070412921E-05    0.169744506333675257E-04    0.111233632347069664E+00    0.124798477115291323E+00    0.673974632019268549E+00    0.899932585183704364E-01
    0.325626102891733160E+00    0.192931563106619251E+03    0.155884670387807111E-05    0.721820515543022555E-06    0.105343743060028486E-04    0.791259127886138611E-05    0.288294414544240775E-05    0.436535363648379273E-05    0.184469655848642347E-04    0.752062099226201847E-01    0.348240690270135364E-01    0.508228527853162304E+00    0.381741193197203843E+00
    0.873670239202820331E-01    0.195562826884057358E+03    0.103851410882724247E-05    0.334776868062159200E-05    0.144936774048824300E-04    0.250553130506831653E-05    0.497291119514143875E-05    0.447643899310960048E-05    0.169992087099507478E-04    0.485616198653371911E-01    0.156543920475972403E+00    0.677734126675992088E+00    0.117160332982698179E+00
    0.382955667209722866E-24    0.303131308707195785E+03    0.311375162877251016E-05    0.328604261045663181E-05    0.688441129135818152E-05    0.826229882346569208E-05    0.291613606736076106E-05    0.451456076194736930E-05    0.151467101148238736E-04    0.144513076349055053E+00    0.152509314571878996E+00    0.319514069578677895E+00    0.383463539500388084E+00
    0.140794883464240616E-17    0.272896347659357161E+03    0.178747645978536840E-05    0.111777768439823345E-05    0.262216037564187480E-05    0.153197537801704094E-04    0.248508837488655096E-05    0.441357978118282339E-05    0.179419141558122833E-04    0.857419307055587582E-01    0.536177224797697791E-01    0.125780170136698705E+00    0.734860176677972765E+00
    0.201551104219606399E-66    0.497832209044462616E+03    0.272807456912846414E-05    0.819028550826050701E-06    0.136072480068511536E-04    0.832980653257470406E-05    0.646710581245326575E-05    0.535581224908082081E-05    0.219370545394258559E-04    0.107049823093693541E+00    0.321387334740717776E-01    0.533949294645118866E+00    0.326862148787115836E+00
    0.190156909219777746E-56    0.451896893982269830E+03    0.193685513709436903E-06    0.226385444214178840E-05    0.750887742477769553E-06    0.112941594618912104E-04    0.744128075706681204E-05    0.307448772198005925E-05    0.120450472043689798E-04    0.133552387287632062E-01    0.156100040436330967E+00    0.517761234035133480E-01    0.778768597431392484E+00
    0.185953988392030511E-13    0.253919276585717853E+03    0.482144937437686092E-05    0.541438783528401376E-06    0.273902064806993262E-05    0.941034012274460124E-05    0.632851092173015825E-05    0.367003915257138487E-05    0.121493607708145339E-04    0.275318686594830442E+00    0.309177185484412996E-01    0.156405990984857690E+00    0.537357603871870482E+00
    0.434417523040844099E-26    0.312089475328716617E+03    0.665453983990665197E-05    0.488778267928081300E-05    0.866881159134412336E-05    0.147580057173164353E-05    0.327098272674358642E-05    0.448381652890797526E-05    0.101446121630757675E-04    0.306845570266281120E+00    0.225379139601426026E+00    0.399725074951876591E+00    0.680502151804161792E-01
    0.159316739967626751E-06    0.221992295229675619E+03    0.908930421081742510E-06    0.356870917175523548E-05    0.269069612948902363E-05    0.119245077636495009E-04    0.662816597857817406E-05    0.402906647815089537E-05    0.146152038931385245E-04    0.476058174231297759E-01    0.186913446097046909E+00    0.140926946343296278E+00    0.624553790136527009E+00
    0.503417769544107092E-27    0.316399816965034915E+03    0.940179152085201358E-05    0.283571850108630366E-05    0.194194664285835226E-05    0.675392390248236613E-05    0.150036039566764013E-05    0.433163413133775480E-05    0.869587054534071839E-05    0.449129154779135509E+00    0.135463953945346743E+00    0.927679424074393799E-01    0.322638948868078368E+00
    0.183007786097893468E-08    0.230925366795688205E+03    0.955516449404420894E-05    0.234570986697913816E-05    0.292002772696314760E-05    0.542398790097881837E-05    0.287958337426684668E-05    0.418320954453302590E-05    0.834401562794196597E-05    0.471979077152424709E+00    0.115866762835347178E+00    0.144235297329584844E+00    0.267918862682643366E+00
    0.598877871742384965E-02    0.200923287696758052E+03    0.653699972543615336E-05    0.380954251459546032E-05    0.766448414176654790E-05    0.199210130230531537E-05    0.698919084382258150E-05    0.413786602526169984E-05    0.965658544407186327E-05    0.326798880088693344E+00    0.190447342773445938E+00    0.383164286245971819E+00    0.995894908918889821E-01
    0.691539500612075149E-42    0.384842369972008782E+03    0.100910947246342834E-04    0.395951401155544785E-05    0.803846543528035210E-05    0.613750021997954760E-06    0.126751796160079303E-05    0.467044752790631459E-05    0.865221545727830664E-05    0.444486317589405933E+00    0.174406231480868479E+00    0.354073368439911773E+00    0.270340824898137704E-01
    0.153974856731951770E+00    0.194429484063402924E+03    0.747309829598131893E-05    0.345870050147448090E-06    0.120262032172909137E-04    0.196114823430655224E-05    0.731946180366377865E-05    0.452433489707765078E-05    0.139873514515974660E-04    0.342703324783879715E+00    0.158610005427652356E-01    0.551500818517065783E+00    0.899348561562893084E-01
    0.801942448376949259E-14    0.255601371619129168E+03    0.891146009198626008E-05    0.150235419834960214E-05    0.126977137533368250E-04    0.179650821188172589E-06    0.273265173850655848E-05    0.481293218308766926E-05    0.128773645745249971E-04    0.382610950853624676E+00    0.645031411705908470E-01    0.545172652144873759E+00    0.771325583091072089E-02
    0.132249337214323770E-96    0.636830022442250993E+03    0.947599236133175837E-05    0.830567162113434792E-06    0.135026561159588799E-04    0.280559863507573586E-05    0.500931941415583284E-05    0.551878916700004382E-05    0.163082547510346158E-04    0.356042024701183735E+00    0.312069493909578784E-01    0.507336101492400604E+00    0.105414924415457772E+00
    0.171960976601681980E-28    0.323153292771589804E+03    0.103543699054185155E-04    0.123218067011288515E-05    0.117998322641581201E-04    0.500498573695297821E-06    0.814572637179565600E-05    0.492874541511558614E-05    0.123003308378534176E-04    0.433475166817570812E+00    0.515839907599843772E-01    0.493987978587534682E+00    0.209528638349101327E-01
    0.209772766433512119E-28    0.322755778152767562E+03    0.730621854864072576E-05    0.837693413951093564E-06    0.162306372915116248E-04    0.667350028449529013E-06    0.256319732443286381E-05    0.519825189069810976E-05    0.168979873199611538E-04    0.291759760959148462E+00    0.334516725149008876E-01    0.648139228913029330E+00    0.266493376129214275E-01
    0.489442884597351051E-74    0.532899120920632413E+03    0.522500576547916951E-05    0.491199546593220264E-05    0.114835467865176781E-04    0.226064935046216498E-05    0.861719627791609599E-05    0.495885116328350622E-05    0.137441961369798426E-04    0.218791616051668608E+00    0.205684639264932495E+00    0.480861432924511667E+00    0.946623117588871604E-01
    0.757600224874860401E-81    0.564261536093263203E+03    0.191096748361348764E-05    0.792453161712106634E-05    0.118895228891508631E-04    0.129533689257810645E-05    0.569325149433018932E-05    0.478787716398943083E-05    0.131848597817289695E-04    0.830120630773148738E-01    0.344240142283699424E+00    0.516478607038923232E+00    0.562691876000625604E-01
    0.157542710189600955E-02    0.203594009882976025E+03    0.517047436493467847E-05    0.623677431521025502E-05    0.406370375592050111E-05    0.174322192807019534E-05    0.537877514413876317E-05    0.355149339657116149E-05    0.580692568399069602E-05    0.300361449556764859E+00    0.362304585934953738E+00    0.236067305347325063E+00    0.101266659160956354E+00
    0.247666880535652879E-54    0.442158083509809330E+03    0.480025959358007683E-05    0.856015488163692550E-05    0.655266006538303110E-05    0.926780433688615790E-06    0.346008269153060782E-05    0.430250483617538078E-05    0.747944049907164667E-05    0.230340355031378008E+00    0.410758850874830439E+00    0.314429254592579033E+00    0.444715395012124162E-01
    0.147947468959337225E-71    0.521476431368188059E+03    0.267955034554825003E-05    0.827430741767396107E-05    0.602572880799849574E-05    0.424518368282297670E-05    0.469618851705466305E-05    0.441370449329604720E-05    0.102709124908214724E-04    0.126246376920746611E+00    0.389842025079049470E+00    0.283900778942494825E+00    0.200010819057709038E+00
    0.148113429699304991E-70    0.516869018930580751E+03    0.959522361298415291E-05    0.859373885567827646E-05    0.169308359999063743E-06    0.155666238781092763E-05    0.554847865641102018E-05    0.407170891010537751E-05    0.172597074780999130E-05    0.481810484056635846E+00    0.431522353716459306E+00    0.850157809512623250E-02    0.781655841317786260E-01
    0.443521815911771863E-53    0.436387588581249474E+03    0.273308407773283711E-05    0.598507632857033120E-05    0.100645010738938458E-04    0.362802716527543352E-05    0.869468597659155670E-05    0.467030840703339056E-05    0.136925282391692798E-04    0.121954488814202164E+00    0.267063472401570967E+00    0.449093788821484596E+00    0.161888249962742259E+00
    0.185033118196286858E-01    0.198667163238942521E+03    0.102013482533722372E-05    0.523174585694141670E-05    0.125405528191693192E-04    0.376738180368036490E-06    0.931401150713620588E-05    0.399507599427467080E-05    0.129172909995373552E-04    0.532174703357125439E-01    0.272924983081260897E+00    0.654204210141503983E+00    0.196533364415225516E-01
    0.597285176424243963E-37    0.362109570223598894E+03    0.342589148095461344E-05    0.677237348701097481E-05    0.404836000550499399E-05    0.354533292899299608E-06    0.830210906687205277E-05    0.300945763580413528E-05    0.440289329840429376E-05    0.234631487342021244E+00    0.463824401014092502E+00    0.277262935696641233E+00    0.242811759472451212E-01
