    0.125822954636184930E-96    0.485831915314353637E+03    0.198534769681798756E+00    0.856892154462976785E-01    0.393588864408737749E+00
    0.676295544944908051E-95    0.477843236367850523E+03    0.171558073786650306E+00    0.120377788098636307E+00    0.463161464715133142E+00
    0.771958036062079280E-94    0.472953466153961585E+03    0.638063407058885645E+00    0.460806384948692430E-02    0.248117271873891793E+00
    0.546682507731761838E-92    0.464413249745638268E+03    0.235162226885115538E+00    0.931852904943281657E-01    0.415699328398098977E+00
    0.138024418384919911E-91    0.462540954749581829E+03    0.216752053518830756E+00    0.313107342890742504E-01    0.294739325085699666E+00
    0.400980808204004769E-90    0.455782818659597183E+03    0.256756639449455981E+00    0.187417850177638186E-01    0.273102542742106158E+00
    0.400455365346286650E-90    0.455765441166293726E+03    0.491118315096662428E+00    0.266725842075139566E-01    0.293409173734772155E+00
    0.787900391530540239E-90    0.454391902441877392E+03    0.284344136714935303E+00    0.155018141566440448E+00    0.541092679379298946E+00
    0.817736615612682318E-90    0.454297565194337608E+03    0.708963260426839992E+00    0.142819484599482401E-01    0.274503161431592757E+00
    0.209788795980395301E-89    0.452393273023847655E+03    0.458793759346008301E+00    0.587078467795834058E-01    0.356377951484442512E+00
    0.419310007874626123E-89    0.450988254562361021E+03    0.592956468064670728E+00    0.398758023016588664E-01    0.322892329116791055E+00
    0.170720749196114570E-88    0.448160247068275908E+03    0.502622921989710814E+00    0.339471013479798953E-01    0.310318571878153426E+00
    0.658952329116100064E-88    0.445439003032921391E+03    0.220192078754038068E+00    0.142478990175571057E+00    0.518092247054404265E+00
    0.135359612214165594E-87    0.443979265172263126E+03    0.152151341488437151E-01    0.491515814014967869E-01    0.331354040188272525E+00
    0.266722527725213870E-87    0.442602717442211201E+03    0.602093710404211113E+00    0.430682250083032486E-01    0.332059419776249143E+00
    0.391235600317056694E-86    0.437211345174535268E+03    0.529481134176829960E+00    0.159313181218091286E-01    0.279308412156882901E+00
    0.584382468012236698E-86    0.436388853689391567E+03    0.567558605784040604E+00    0.116603771285462305E-01    0.272015789089595006E+00
    0.154069481052041366E-83    0.425219647137668062E+03    0.246114377878612969E-01    0.148180422904681031E+00    0.531901703827054262E+00
    0.426766844965909208E-83    0.423161978823172490E+03    0.256566524505615234E+00    0.477216818491399408E-01    0.340244674741651987E+00
    0.893395350247827255E-78    0.398638545151688959E+03    0.525425602706621336E-01    0.148229273182037075E+00    0.541855875458820191E+00
    0.115358227959444986E-77    0.398107348749480025E+03    0.125309368703291846E+00    0.120996141615531572E+00    0.490034313669035937E+00
    0.156596712851231197E-77    0.397476085789186641E+03    0.606867834135973339E+00    0.559152436808581493E-02    0.273978684249126914E+00
    0.341360221150875118E-76    0.391292386614941847E+03    0.324103463010395221E+00    0.161730456025732348E-01    0.291089118952399972E+00
    0.692948570273815704E-72    0.371435670877919506E+03    0.352871060371398926E+00    0.162813878692347203E-01    0.298959870719226639E+00
    0.806103157247764574E-72    0.371113159002499629E+03    0.377221577439780409E+00    0.497341006096314320E-01    0.364676895969846926E+00
    0.126200960179566047E-67    0.351775980397564581E+03    0.159694185102399966E+00    0.140924253183856041E+00    0.546511594370812093E+00
    0.607553172123704346E-65    0.339402511747508470E+03    0.664618316460525854E-01    0.162984343484647437E+00    0.592794613178247221E+00
    0.137393624082382347E-63    0.333145350821254056E+03    0.372256485899573775E+00    0.109424422288213474E-01    0.303235661517399002E+00
    0.726513057678363509E-63    0.329794537858053786E+03    0.382811455212979768E+00    0.569852584020149183E-01    0.394341434420948767E+00
    0.898733304972423058E-63    0.329349078104495788E+03    0.687933504581451416E+00    0.200722930750885098E-02    0.293092569132011760E+00
    0.417585131213132178E-62    0.326256903723368282E+03    0.212838610118192689E+00    0.385522921099121646E-01    0.356558231336965126E+00
    0.145523813268277117E-61    0.323740030921996322E+03    0.264694901194957241E-01    0.120792923771744137E+00    0.515529315345754302E+00
    0.500695078590071942E-60    0.316643545632139308E+03    0.545984525399704990E+00    0.221300108916174590E-01    0.334481796450236013E+00
    0.300899243401681734E-57    0.303826478716268298E+03    0.326583560006837748E+00    0.663998467985198876E-01    0.421598235935390475E+00
    0.146555437573431310E-56    0.300640051927949116E+03    0.772833039997720961E-01    0.150450850795024321E+00    0.583801046139183932E+00
    0.797304963033208576E-53    0.283416874422100932E+03    0.402850627899169922E+00    0.913100002012754430E-01    0.480091402986736138E+00
    0.278558701218803183E-52    0.280894921097638871E+03    0.276653615837399933E-01    0.108359755642665395E+00    0.508909282726387913E+00
    0.657733766549964968E-52    0.279156578246007143E+03    0.483123706625150195E+00    0.362396611796051149E-01    0.375903076871878183E+00
    0.254109514484855268E-51    0.276433477871732862E+03    0.594037703949489293E+00    0.280676547042411212E-01    0.363199945408512526E+00
    0.523256641825046631E-51    0.274968864429398877E+03    0.426280185318807375E-01    0.157927518428265592E-01    0.330763032232047394E+00
    0.369136713939092976E-50    0.271041504204909529E+03    0.345541877279594900E+00    0.392619937134130251E-01    0.382670337224155444E+00
    0.514307510764413695E-50    0.270358195639649807E+03    0.459621832911223493E+00    0.328305430960069422E-01    0.372579609276628088E+00
    0.229123176930035578E-49    0.267350148667792837E+03    0.391985725537348784E-01    0.162801446313387138E+00    0.621452772824632627E+00
    0.261608543407714995E-49    0.267064969612054824E+03    0.595252424057304164E+00    0.298306354626934819E-01    0.370506951507035387E+00
    0.660064313946677119E-49    0.265193993615433669E+03    0.346843809279751669E+00    0.406056493093403248E-01    0.387967813659153671E+00
    0.188619042146955324E-48    0.263074039318964765E+03    0.643736054930229673E+00    0.239194541939787356E-02    0.319667737994785539E+00
    0.193532015563533644E-48    0.263002612072954321E+03    0.575638055801391602E+00    0.375122579592215288E-01    0.386812147753311630E+00
    0.445102879392682998E-48    0.261316887090554019E+03    0.267120995649711493E-02    0.439081374634755703E-02    0.690834268617227631E+00
    0.695605681641502651E-47    0.255798761893912911E+03    0.428182840347290039E+00    0.368319197097122242E-01    0.386065340579492433E+00
    0.166351989446414432E-46    0.254034945685174193E+03    0.458186655707340962E+00    0.423995815912171503E-01    0.398241293098240356E+00
    0.328214954116733797E-46    0.252655820125454170E+03    0.519573689362369806E+00    0.222981960362912193E-01    0.360692028740213333E+00
    0.261635115383847244E-45    0.248484085735388248E+03    0.193083396867078566E+00    0.502606383259029330E-01    0.411606118274819743E+00
    0.284832796437544943E-45    0.248294182764897641E+03    0.120440197235290980E+00    0.236213406302720093E-01    0.722121673744836712E+00
    0.618412354643639166E-45    0.246723676471823978E+03    0.120377201988489557E+00    0.551594306851526453E-01    0.421074481815913948E+00
    0.303265013823637005E-44    0.243523603124142596E+03    0.282989287908890053E+00    0.796394947189123237E-01    0.472516750198045288E+00
    0.439357712997031406E-44    0.242762189402265335E+03    0.172714160703348080E+00    0.655901492662062519E-01    0.443850013694972456E+00
    0.796649107487858709E-44    0.241551988606378018E+03    0.666660805025500180E-01    0.186447492893185879E+00    0.679968559794394189E+00
    0.283529212464065585E-43    0.238993016730677368E+03    0.159131966346700515E+00    0.507736048319907124E-01    0.416528610725071691E+00
    0.530311060233600056E-42    0.233115549383839948E+03    0.581695525670010372E+00    0.798780392824099787E-02    0.342817854698850955E+00
    0.187589059786770450E-41    0.230568799242482442E+03    0.220667358552770407E-01    0.958305956134939962E-01    0.506285085556117176E+00
    0.705844072675418773E-41    0.227898517973088587E+03    0.167699066824091830E+00    0.102367715937153533E+00    0.522407539626692952E+00
    0.334688202672495540E-40    0.224765737772577950E+03    0.903205031530795038E-01    0.381877282200062465E-01    0.739804347834572495E+00
    0.503941098390438292E-40    0.223927217706896727E+03    0.201025128364562988E+00    0.100835645404586671E-01    0.685471466310882738E+00
    0.665741113667402174E-40    0.223350334739328787E+03    0.512041586370326041E+00    0.481618075497725687E-01    0.424459936290095430E+00
    0.349744511207380985E-39    0.220012560466949822E+03    0.197853187312068662E+00    0.549882262179725301E-01    0.434262925429875046E+00
    0.502362083884238511E-39    0.219268324022185539E+03    0.444642258876662866E+00    0.718993689856272239E-01    0.471580259696329385E+00
    0.646574132059387862E-39    0.218743590590052804E+03    0.327117408216432592E+00    0.870218149146562703E-01    0.499392476453196232E+00
    0.981791070761182020E-38    0.213283039067219988E+03    0.959117275709972100E-01    0.147778622784729946E+00    0.618357236644649477E+00
    0.100460908733536072E-37    0.213217088566858024E+03    0.429157337737752109E+00    0.642191498071046918E-01    0.459309912691430233E+00
    0.750719432483697804E-37    0.209174561954745855E+03    0.343739353471812170E+00    0.142487836009009411E-01    0.362688532148635334E+00
    0.869132879458362980E-37    0.208861633886180357E+03    0.518383212961171402E+00    0.282143241414152778E-01    0.392634237869533109E+00
    0.634556635785120105E-36    0.204865602661546745E+03    0.157641139114992890E-01    0.593705918547763889E-01    0.771121342098971319E+00
    0.237943062679377043E-35    0.202202222737671377E+03    0.632190399334550679E+00    0.130320017625238900E-02    0.345628531225887714E+00
    0.414858684381195379E-35    0.201070409677539146E+03    0.179807782889630202E+00    0.158247735574611331E+00    0.646494870177422687E+00
    0.898894193685700975E-33    0.190293614522510893E+03    0.259205152357512680E+00    0.400857459685491913E-01    0.421392402969395174E+00
    0.978591947861764228E-33    0.190103715689719706E+03    0.368877795606909586E+00    0.966991742646922947E-01    0.533621331150989420E+00
    0.794139758159825884E-32    0.185896256077746898E+03    0.213952657453439304E+00    0.682573225451657828E-01    0.477883315301406542E+00
    0.379840502324906906E-31    0.182746101951171681E+03    0.321105659008026123E+00    0.906155069143359526E-01    0.524702864902079291E+00
    0.123296869199108359E-30    0.180371244596727024E+03    0.222125366083660514E+00    0.158304361121594898E-01    0.379123238625834469E+00
    0.266658608045844057E-28    0.169598155823547017E+03    0.174072990566766089E+00    0.890326338091402825E-01    0.527072226878858463E+00
    0.270099245978847439E-28    0.169552515322661861E+03    0.381192755103113456E+00    0.363805956211915166E-01    0.427223359925363699E+00
    0.901081744413626194E-28    0.167122902301352838E+03    0.341949232368578881E+00    0.566527198120991074E-01    0.467616606248028088E+00
    0.175436753607741803E-27    0.165770366875687955E+03    0.487084401859806448E+00    0.227572451741625270E-01    0.404448227253129733E+00
    0.276157152891479516E-27    0.164842983878573250E+03    0.231113511190046111E+00    0.125593868275520215E+00    0.603085406675392899E+00
    0.107240293497719009E-26    0.162109609788611692E+03    0.157285515649147556E+00    0.422070655633773814E-01    0.439898427722569541E+00
    0.119207441652997519E-25    0.157272853337698166E+03    0.271216015079429551E+00    0.802253327825055290E-01    0.518385964606452587E+00
    0.501159164678077703E-25    0.154380736213814885E+03    0.566878898678726428E+00    0.501170832999629258E-02    0.377921713068797627E+00
    0.427281055158296934E-24    0.150074529506013164E+03    0.266681576871322878E+00    0.517934479520837515E-01    0.467409470174801833E+00
    0.474227434210360122E-24    0.149846039465768968E+03    0.284157450168167014E+00    0.576929601482397206E-02    0.378533731513136074E+00
    0.891809622838681431E-24    0.148562908152044315E+03    0.107472956180572510E+00    0.114194803471828976E+00    0.587821442650684922E+00
    0.291564406122071277E-23    0.146173721473775117E+03    0.464222571214124080E+00    0.235777315073752922E-01    0.417481122889091893E+00
    0.516973078337661369E-23    0.145008261730427307E+03    0.528654929657182748E+00    0.202686262520546980E-01    0.412755079288415594E+00
    0.831062702357506653E-23    0.144038832838817939E+03    0.770588517189025879E-01    0.931047874651866891E-01    0.549226729987420170E+00
    0.927187477418951058E-23    0.143799931758775188E+03    0.300749572864665304E+00    0.757007754261496413E-01    0.518229336017758002E+00
    0.115584123208559771E-22    0.143339075936409813E+03    0.126445055007934570E+00    0.634006738325609831E-01    0.492299548036298440E+00
    0.142397781989393818E-22    0.142901824299169903E+03    0.156515081560315628E+00    0.145490897710693456E+00    0.655062789128248890E+00
    0.177777142020707802E-22    0.142438011635545195E+03    0.212314074144296538E+00    0.264863367575976713E-01    0.422311701244341697E+00
    0.432358272961406459E-22    0.140640563984860250E+03    0.365364922730655517E+00    0.221279657479376245E-01    0.416950455131741671E+00
    0.937030582942621290E-22    0.139073641303211048E+03    0.391630567085910541E+00    0.474491025256012985E-01    0.467558055176273746E+00
    0.176650752337249893E-21    0.137785553693639372E+03    0.546808256047602415E+00    0.590059003331212546E-02    0.389702059358813635E+00
    0.617309117175880557E-21    0.135263163161597163E+03    0.280723601215288221E+00    0.205893420306740259E-01    0.416551986556617682E+00
    0.507149900965572421E-20    0.131031119527981332E+03    0.184987813444129262E+00    0.124397355335616761E-01    0.402503929354272594E+00
    0.938829310383905187E-20    0.129779465403861082E+03    0.195203261487482044E+00    0.138958976768881644E-01    0.406216739748021138E+00
    0.136136230614292044E-19    0.129016250426950364E+03    0.222291438673358210E+00    0.134047127856651627E+00    0.642861958935274203E+00
    0.152587195034529263E-19    0.128768090180350214E+03    0.185505781457328961E+00    0.107299002586896119E+00    0.588450665026205355E+00
    0.292654259621997855E-19    0.127445578765129881E+03    0.955963020438131972E-01    0.434120425802289600E-01    0.697101382646466927E+00
    0.519664082277712646E-19    0.126277197372663181E+03    0.725502690762043490E-01    0.662297955163570762E-01    0.738864637148354264E+00
    0.672671642066128039E-19    0.125741047969587385E+03    0.306905135902535375E+00    0.511236078162869492E-01    0.482470747466940020E+00
    0.753909263475456077E-19    0.125493018545987866E+03    0.273350821786044057E-01    0.114565882495051272E+00    0.830545424902534579E+00
    0.325102112385747361E-18    0.122550113751220465E+03    0.155921647981489692E+00    0.126258187299090070E-01    0.408601438485689583E+00
    0.539673805861897628E-18    0.121516462613456497E+03    0.134957827130257557E+00    0.141505859537987333E+00    0.661729360963696722E+00
    0.106518900304147412E-17    0.120136577341011161E+03    0.163026015451725181E+00    0.388077094110080914E-01    0.683423082956328032E+00
    0.137512410570904412E-17    0.119605793871646142E+03    0.457113397176603264E+00    0.358361668976113143E-01    0.459038491154264483E+00
    0.142343094217476708E-17    0.119516741615409160E+03    0.450486936460411269E+00    0.426978956016719549E-01    0.472405343082374141E+00
    0.497842312097134755E-17    0.116992655446092954E+03    0.171967970884697369E+00    0.185197038961386617E-01    0.424182095935383474E+00
    0.862088700764144165E-17    0.115874505882131757E+03    0.179148240577086781E+00    0.500571948590219015E-01    0.701977592020378238E+00
    0.289585781704601837E-16    0.113431148903155304E+03    0.451142477085535898E+00    0.522474396009422679E-01    0.495446932226415504E+00
    0.297468790367311351E-16    0.113357433402811580E+03    0.734499601643983091E-01    0.927805728965439697E-01    0.780604409951654477E+00
    0.418380138039624795E-16    0.112655271148321503E+03    0.107915297053788148E+00    0.814602569766908202E-01    0.548988136793272186E+00
    0.511491724652462745E-16    0.112233389215773627E+03    0.289940542960783476E-01    0.832811027754172956E-01    0.552144122949358329E+00
    0.609086132102340330E-16    0.111864132649654380E+03    0.666824628096837624E-01    0.123940553815315546E+00    0.632236430202471444E+00
    0.262969989106641465E-15    0.108918802011519915E+03    0.241093086624956876E+00    0.107572870534542522E-01    0.416129818073317670E+00
    0.299936322150557417E-15    0.108635741457876406E+03    0.280920519523754353E+00    0.795598938278405110E-01    0.550422215578693641E+00
    0.437724534500528934E-15    0.107859702251412159E+03    0.437211870630241140E+00    0.229359846027047780E-01    0.442603515833521033E+00
    0.653702281612680217E-15    0.107037577801295924E+03    0.124196950112704041E+00    0.427384610873728574E-01    0.478433045644110932E+00
    0.198516916840601229E-14    0.104795963017395366E+03    0.164321996813895033E+00    0.781099053228343915E-01    0.549381888888923808E+00
    0.579941860703430753E-14    0.102631855940444780E+03    0.314656355472048010E+00    0.274000005460469098E-01    0.454052003770547774E+00
    0.160084508409179792E-13    0.100581137764446794E+03    0.208249605354215717E+00    0.131052266725301125E+00    0.658753346948870777E+00
    0.724252135234232563E-13    0.975422623014645751E+02    0.424001310448315183E+00    0.321393780015840486E-01    0.468830136375052831E+00
    0.172375348307734107E-12    0.957880225716659197E+02    0.595760368307286098E-01    0.830440332899082534E-01    0.565658468190344266E+00
    0.514622402844512118E-12    0.935805044184033932E+02    0.221015190511675480E+00    0.102352470789633623E+00    0.606862848090638507E+00
    0.121980908600236497E-11    0.918344720079704757E+02    0.446860366994754343E+00    0.858462749270871329E-02    0.428302841398172818E+00
    0.122529346560918603E-11    0.918054999690665454E+02    0.241963344255544471E+00    0.108864586032491842E+00    0.621526120278348637E+00
    0.124267812861866642E-11    0.917573230636304515E+02    0.124406597855780135E+00    0.123931576636028593E+00    0.649938937239981973E+00
    0.336789254906145410E-11    0.897432863424318157E+02    0.444162869751340006E+00    0.341323255186833929E-01    0.479818771007345102E+00
    0.831548225881152987E-11    0.879156225079685782E+02    0.415697586082454829E+00    0.449608862677793944E-01    0.502276132910766226E+00
    0.936236561972378173E-11    0.876584647357898348E+02    0.161004411167941203E+00    0.742479033617367001E-01    0.724282778272875905E+00
    0.101742398833714309E-10    0.874721426788011058E+02    0.194304743117207995E+00    0.769217828929049802E-01    0.562737571672204062E+00
    0.126204379241870163E-10    0.870212256125670365E+02    0.171739506118649410E+00    0.391428531657017006E-01    0.657766498459610327E+00
    0.192784208021613226E-10    0.861538879727512494E+02    0.360530370025910374E+00    0.277852894518340089E-01    0.469983267142299710E+00
    0.316256587654539840E-10    0.851439231724856427E+02    0.368516518293996620E+00    0.528432661552156388E-01    0.519749009097980719E+00
    0.343631062712897157E-10    0.849578937337345224E+02    0.287086251066167197E+00    0.922310560383789516E-02    0.434645184899180859E+00
    0.402934524109803120E-10    0.846194827580810625E+02    0.393730774693000551E+00    0.427170568053031677E-01    0.500756846337803263E+00
    0.479309793933498486E-10    0.842523366336230310E+02    0.270508697888123595E+00    0.269060011171493134E-01    0.632103122297014597E+00
    0.145047273447459193E-09    0.820177413010795817E+02    0.259145763013603425E+00    0.274208598120931624E-01    0.472412155414556112E+00
    0.730287438978776608E-09    0.787649843098671454E+02    0.214413381449151424E+00    0.806781990938584687E-01    0.579182741569542969E+00
    0.810383202069344952E-09    0.785368462776641536E+02    0.900808394447233929E-01    0.140982057752039314E+00    0.699291778688666432E+00
    0.105229432416135779E-08    0.779944044672305381E+02    0.291035792914661751E+00    0.753258605682097515E-01    0.570004301739158392E+00
    0.109420348184237255E-08    0.778962967997750866E+02    0.377853843003878476E+00    0.226629412362460252E-01    0.468638328143578808E+00
    0.235193448909011922E-08    0.763458738164982833E+02    0.107366670184056656E+00    0.792422868311253581E-01    0.577958370669073740E+00
    0.381357251476601069E-08    0.753592173337987106E+02    0.956333582137879612E-01    0.917566647551600473E-01    0.603464806572926671E+00
    0.103932657782746119E-07    0.733340340190489997E+02    0.321298453881765977E+00    0.130224220586930527E-01    0.454602951883679940E+00
    0.116305172987497563E-07    0.730890852787841823E+02    0.328938800611805804E+00    0.344171258256724816E-01    0.496310684119525725E+00
    0.154071104450412870E-07    0.725066919290962915E+02    0.412591221032624633E+00    0.150005176527403736E-01    0.460013419939217627E+00
    0.260354007362158150E-07    0.714374358118242299E+02    0.119030216765484368E-01    0.500428030081823960E-01    0.526572983786968929E+00
    0.295848938219469537E-07    0.711618223948249806E+02    0.612571254017306305E-01    0.111995397213212819E+00    0.647914043248332461E+00
    0.498507202066456560E-07    0.700982842816815719E+02    0.361573758623215891E+00    0.652903126309967944E-02    0.578552584721837571E+00
    0.526587530508417556E-07    0.699686852201580223E+02    0.547589324905477515E+00    0.210723985301100808E-02    0.437766052659977867E+00
    0.553614241466277275E-07    0.698485840968982075E+02    0.201922903180418528E+00    0.575455245502077203E-01    0.673697657244027415E+00
    0.670833949190212376E-07    0.694444770778839029E+02    0.292146334790764961E+00    0.191689721425411450E-01    0.601777387961178634E+00
    0.943739480752815274E-07    0.687418200466694316E+02    0.343781909915459649E+00    0.729122867935237395E-01    0.576706165477444910E+00
    0.251067096985533566E-06    0.667649097250872501E+02    0.457910933768531869E+00    0.230565085181988101E-01    0.483114915076927276E+00
    0.648856154857201498E-06    0.648459280673754392E+02    0.476461736863082741E+00    0.218565107472699638E-01    0.483415786142909920E+00
    0.694278808274294849E-06    0.646906029275197625E+02    0.297895341353574483E+00    0.255063338364154533E-01    0.608179816599066170E+00
    0.813408225408718274E-06    0.643538839576381179E+02    0.511337723640561737E+00    0.415433027979352897E-02    0.448322278980451405E+00
    0.832849675943563769E-06    0.642866438395799378E+02    0.392829075619986756E+00    0.150477635081362540E-01    0.587965903149941460E+00
    0.143820615860056769E-05    0.631740463836034678E+02    0.172204461667338077E-01    0.436717443229748675E-01    0.525674340876111867E+00
    0.150097273476239222E-05    0.630686128357327789E+02    0.382560995620759403E+00    0.585333010056631464E-01    0.556575780071632220E+00
    0.179888923542556700E-05    0.626865008452897428E+02    0.224416072302117187E+00    0.709461422173535972E-01    0.580189586400832402E+00
    0.181004389690212040E-05    0.626541374164434046E+02    0.376528748381478651E+00    0.580872000667371907E-01    0.556266061007386181E+00
    0.215608471013079312E-05    0.622842517258987982E+02    0.284236897837062519E+00    0.191824295938196158E-01    0.480487426398749251E+00
    0.233712553462448194E-05    0.621029960707622877E+02    0.767060665949424736E-01    0.761158259248233687E-01    0.589999560243045340E+00
    0.235595179151909070E-05    0.620669500041225319E+02    0.447567620229818219E+00    0.278761215705729780E-01    0.498712806482167315E+00
    0.265417608204341742E-05    0.618085710520377916E+02    0.278304454344842689E+00    0.474637427073678203E-01    0.644404710512592072E+00
    0.310271814538217367E-05    0.614762825144767930E+02    0.587386146829629863E-01    0.110877773282125405E+00    0.762778043909769110E+00
    0.328547503213059616E-05    0.613418171154459060E+02    0.286570555907590951E+00    0.169616867000527347E-01    0.477482142637870921E+00
    0.348177187492575375E-05    0.612057569639347321E+02    0.179546243898639768E+00    0.819353060848842518E-01    0.708498427824780008E+00
    0.355299760547578879E-05    0.611452563250862795E+02    0.670896102935638339E-01    0.554056401844311985E-01    0.551458624398125985E+00
    0.358890194309433704E-05    0.611051470307139653E+02    0.326980088352686771E+00    0.310431476585019475E-01    0.614187839997975882E+00
    0.391778189047261066E-05    0.609097883125051567E+02    0.114201914635916613E+00    0.643887869825964798E-01    0.673984643786422755E+00
    0.432274344954675774E-05    0.606930590943596826E+02    0.198227799544149735E+00    0.790172460113792857E-01    0.598771635109837330E+00
    0.520897278176229224E-05    0.603000742642417435E+02    0.207496477278859365E+00    0.712009391963922267E-01    0.584058310417786886E+00
    0.852125165277013210E-05    0.592957131359679579E+02    0.175755403774061292E+00    0.649070084153880594E-01    0.673158602145895513E+00
    0.108351830889147554E-04    0.587952425457527852E+02    0.334553600054891376E+00    0.721708642719209956E-02    0.462833921547910920E+00
    0.132252112204389524E-04    0.583765897134418310E+02    0.498249520676888671E-01    0.634519064700413138E-01    0.667563470629645939E+00
    0.174346398322488587E-04    0.578039215669326722E+02    0.356384193835388330E+00    0.907177287369158834E-02    0.567237171247082061E+00
    0.174913183413655355E-04    0.577774302851656785E+02    0.101092465965077927E+00    0.395129048104245345E-01    0.525992192142213377E+00
    0.194820380718074093E-04    0.575418537781727082E+02    0.148458760232571346E+00    0.348279906052564661E-01    0.614542856556898887E+00
    0.206782233107576868E-04    0.574026773461886251E+02    0.828808713823342980E-01    0.725903357181675174E-01    0.590834525452357151E+00
    0.227680783139824178E-04    0.571901206492890424E+02    0.281111432704178321E+00    0.237033875678049621E-01    0.496990140077116893E+00
    0.271574451734700487E-04    0.568175371462988323E+02    0.165421610264056218E+00    0.624820161041077515E-01    0.572403765065514047E+00
    0.360877452798794723E-04    0.562289329277231218E+02    0.128158427790691420E+00    0.909670111062733378E-01    0.716940661943698210E+00
    0.415910511656089290E-04    0.559250695554447930E+02    0.324568278684793265E+00    0.411746779508783897E-01    0.533264430303736603E+00
    0.425406409771028591E-04    0.558599198566920450E+02    0.138445185289313821E+00    0.101229645165341109E+00    0.735904995248864435E+00
    0.469561060238984508E-04    0.556424131093646110E+02    0.462702715481971616E+00    0.206933367290454591E-01    0.495030446914996980E+00
    0.559265286571993355E-04    0.552727619291534893E+02    0.272190902237852861E+00    0.610507924085430947E-01    0.573017063175399244E+00
    0.554148433242374370E-04    0.552711446354613827E+02    0.181868884690072424E+00    0.615295853321732658E-01    0.660016215264544792E+00
    0.557885636609329599E-04    0.552377018191376692E+02    0.172439218443642739E+00    0.913588672276464120E-01    0.716323801528306436E+00
    0.609479679181660928E-04    0.550407985808218427E+02    0.159013545139709889E+00    0.106255951998165801E+00    0.661467996665911273E+00
    0.996370810925097095E-04    0.540377708204156306E+02    0.143384980170939813E+00    0.105948400492310909E-01    0.477172295029014426E+00
    0.987623644889183098E-04    0.540354063993599993E+02    0.210965338239004180E+00    0.895839158920655292E-02    0.471625990112511995E+00
    0.146974493700861814E-03    0.532203214923055157E+02    0.737731744732556677E-02    0.108558369841844402E+00    0.742816868502402361E+00
    0.157769399750734454E-03    0.530585706679192981E+02    0.253482423056436423E+00    0.601052167345747443E-01    0.653776054072962465E+00
    0.165538589855687880E-03    0.529424309333342080E+02    0.202608136077839396E+00    0.499090486597367038E-02    0.465918516339891120E+00
    0.207128319919839995E-03    0.524741626028763903E+02    0.979501940103537083E-01    0.124091784085847881E+00    0.702214919471528032E+00
    0.206910639074924148E-03    0.524562656017391191E+02    0.153972658638106469E+00    0.102950015896607433E+00    0.660715920323390993E+00
    0.266378947992305481E-03    0.519309997882934340E+02    0.178344176428103740E+00    0.129381679631416033E-01    0.486206105540625599E+00
    0.315383046579850084E-03    0.515732637693560036E+02    0.162080652425184046E+00    0.100678708844899073E+00    0.726194390470000672E+00
    0.324974350519308466E-03    0.514933470958025055E+02    0.158876080241653062E+00    0.956448040515441855E-01    0.716686093779196676E+00
    0.340868060886616200E-03    0.513778486428943779E+02    0.112630553218293905E+00    0.246035257785779142E-02    0.539863108703534489E+00
    0.374583747342159188E-03    0.511692088065375401E+02    0.452834938022662406E-01    0.364533273409121950E-01    0.601428594444432307E+00
    0.389035821047513755E-03    0.510734967626070784E+02    0.751032170537019317E-01    0.101962376071959668E+00    0.661225586167057511E+00
    0.462604024026282189E-03    0.507070967143228017E+02    0.382030865660531682E+00    0.137259997597816361E-01    0.563988613636975611E+00
    0.485221412116644774E-03    0.505916289980906413E+02    0.592384017366606869E-01    0.770638772328813559E-01    0.613351666969494946E+00
    0.597140471629420324E-03    0.501565348481218507E+02    0.177322405195730531E+00    0.703163568768400693E-01    0.665977565589774279E+00
    0.594061273335995334E-03    0.501468746756610244E+02    0.286230981093483272E+00    0.647149767487558425E-01    0.590842235447346487E+00
    0.661037396453191951E-03    0.499132187836279400E+02    0.431776260749227758E+00    0.510918181844513195E-02    0.545940015519360333E+00
    0.664879433502915261E-03    0.498816281688442587E+02    0.115222002361533404E+00    0.111797722941263847E+00    0.742235541326138337E+00
    0.667942120149348081E-03    0.498524365646757133E+02    0.152128549455804479E+00    0.119992528788601713E+00    0.700773186076913523E+00
    0.700923393825664894E-03    0.497360424117006232E+02    0.843582407461915124E-01    0.200667460959657665E-01    0.505408554611214256E+00
    0.697943600349807975E-03    0.497245630158616905E+02    0.182661344709938167E+00    0.172840595138140408E-01    0.499459233470789354E+00
    0.706157261540202156E-03    0.496811636857847816E+02    0.261377845720653368E+00    0.606587647493586832E-01    0.584033579540455094E+00
    0.723563531750928213E-03    0.496124629034810596E+02    0.236909768605663845E+00    0.743736861632378343E-01    0.610900909953077109E+00
    0.719194202865399324E-03    0.496045767660890533E+02    0.364302478531055129E+00    0.143616903650724513E-01    0.494411761602386368E+00
    0.785260982955763849E-03    0.494088073614888117E+02    0.357529305379464313E+00    0.310358643791461691E-01    0.527079231251709079E+00
    0.839687370895540719E-03    0.492547803211613200E+02    0.268245912537668080E-01    0.525575915199731278E-01    0.627233561878945411E+00
    0.845227447455580987E-03    0.492216280918263465E+02    0.131805728961085861E+00    0.610922483581791409E-01    0.585878080318482430E+00
    0.931228198637348414E-03    0.490078308941539262E+02    0.398576683674534693E-01    0.142287991533188801E+00    0.794922251379932554E+00
    0.112755562760082236E-02    0.486052247967188578E+02    0.168576583939417796E-01    0.156254017594120470E+00    0.797502336461424322E+00
    0.120058522418631870E-02    0.484597108038400393E+02    0.351641569162473244E+00    0.474277860663038092E-01    0.561493820177087821E+00
    0.125656103200702789E-02    0.483485717536151469E+02    0.430632201444747564E+00    0.269416643005742779E-01    0.522216261077053434E+00
    0.128539115293705764E-02    0.482832029109107452E+02    0.219618853466846731E+00    0.919078295282851621E-01    0.649805565457565959E+00
    0.127928637844960968E-02    0.482727242420606899E+02    0.413336855046648535E-01    0.800714805112725247E-01    0.625808781142745518E+00
    0.127673323290163304E-02    0.482567197456722852E+02    0.620061263611977678E-01    0.707042576163642300E-01    0.607444518193549499E+00
    0.132540008873634489E-02    0.481619003180654772E+02    0.275335122211012473E+00    0.401485932335203938E-01    0.548060543119875621E+00
    0.133725536534257811E-02    0.481240904960262696E+02    0.275553202150776000E+00    0.180865267512473650E-01    0.505332756759020896E+00
    0.136025614126088017E-02    0.480699830109571167E+02    0.420857183968249116E+00    0.303243842970626204E-01    0.529682064809348652E+00
    0.134754800102449153E-02    0.480687557624142983E+02    0.767611041469671851E-01    0.948308032747915558E-01    0.704666760694591554E+00
    0.137232188101582553E-02    0.480123208354264079E+02    0.462926307378507318E+00    0.829048193635005017E-02    0.483683135227686911E+00
    0.141222921759454273E-02    0.479349901307047048E+02    0.173318642083626989E+00    0.890078824356754922E-01    0.694759103578532211E+00
    0.149882946562144973E-02    0.477959601588719352E+02    0.368231565728326826E+00    0.267913431619838070E-01    0.523093869659419952E+00
    0.157024566366671344E-02    0.476828648917255578E+02    0.483375838829768312E+00    0.153378547637887013E-02    0.471538296275018087E+00
    0.164164561788417564E-02    0.475739307247499710E+02    0.375274065090086595E+00    0.235460469899227906E-01    0.575673016722908937E+00
    0.164062699906350365E-02    0.475551720827628515E+02    0.454979996916691914E-01    0.640259668693838324E-01    0.597209936327647517E+00
    0.162850727647617373E-02    0.475500014254470216E+02    0.279133843010449301E+00    0.299419571499559937E-01    0.530036613243744514E+00
    0.166586022422947864E-02    0.474846457709046490E+02    0.139389153731639487E+00    0.550644437441369858E-01    0.629036952817569439E+00
    0.175026767662207869E-02    0.473657915846940796E+02    0.306676532323077622E+00    0.281276472478042029E-01    0.583402572316493173E+00
    0.188337499404566842E-02    0.471991982993550891E+02    0.564827030900377017E-01    0.401821913949232043E-01    0.597779950205903465E+00
    0.188651324164623236E-02    0.471758684941945603E+02    0.168908788313643810E+00    0.893530655702512028E-01    0.647915207785487834E+00
    0.191537532534302268E-02    0.471255018617609949E+02    0.232939836137134815E+00    0.941032093830725287E-02    0.545505915406217623E+00
    0.211949079811407735E-02    0.469029773127807630E+02    0.151186563657688039E+00    0.727627748291514026E-01    0.660681027286315392E+00
    0.218453815616121523E-02    0.468225201812550722E+02    0.899498926054450310E-01    0.119543010645491513E+00    0.710389939355302480E+00
    0.238449401562807525E-02    0.466273551551981882E+02    0.839831233024597168E-01    0.702115139140460087E-01    0.653632560300112075E+00
    0.245011334050548694E-02    0.465530604834758606E+02    0.120984887990536385E-01    0.151244902722621227E+00    0.797735144517399575E+00
    0.246001961688238060E-02    0.465249904048008602E+02    0.344688616731034070E+00    0.437334207623706755E-01    0.559808951012149447E+00
    0.243745566910446741E-02    0.465234195799298504E+02    0.348655828491891806E+00    0.975565416529912410E-02    0.489778251656130648E+00
    0.247745623249268814E-02    0.464708644111725562E+02    0.119514115888512129E+00    0.383532549516135135E-01    0.592809593335622442E+00
    0.257742944439455198E-02    0.463717439275595780E+02    0.358514627123693641E+00    0.372127301668067900E-01    0.594141793956428410E+00
    0.255508642982184113E-02    0.463691569517058042E+02    0.312054695305327090E+00    0.387466142798742891E-01    0.596842627394614689E+00
    0.259318697657720618E-02    0.463195538289857041E+02    0.405984763946131033E+00    0.333352636143610867E-01    0.540762652576001757E+00
    0.263296489228067275E-02    0.462691079599263730E+02    0.654001307198848747E-01    0.868345696323405691E-01    0.647062947055551785E+00
    0.267953261579217950E-02    0.462140442888679672E+02    0.132954989997260936E+00    0.552493838953549213E-01    0.624564468088715796E+00
    0.267518408535265002E-02    0.461972926634417718E+02    0.100500145303344085E+00    0.833273440650008912E-01    0.676916706904135523E+00
    0.265127144573381983E-02    0.461952504217541673E+02    0.110182680637895880E+00    0.582752075765861841E-01    0.590320361261268745E+00
    0.266491752207694260E-02    0.461649828361609025E+02    0.628716756560427636E-01    0.819139083405731189E-01    0.637028662575749305E+00
    0.268271836988284110E-02    0.461316678581682709E+02    0.114722140425134053E+00    0.181147647093288927E-01    0.512933699714736679E+00
    0.270212372293954315E-02    0.460972529975455245E+02    0.222777783870697021E+00    0.691868499789194402E-01    0.651989456542091395E+00
    0.270343051810347434E-02    0.460762859957313822E+02    0.163609826966974840E-01    0.148329109405160864E+00    0.776686876253471548E+00
    0.273132157769947299E-02    0.460357578803979095E+02    0.119186985663833900E+00    0.101288337115006219E+00    0.676744842800327207E+00
    0.271232468874872765E-02    0.460297168815069426E+02    0.171361574630244484E+00    0.449670745156019597E-01    0.605428640883842739E+00
    0.273072150300384493E-02    0.459961973311229713E+02    0.236646729994205614E-02    0.664187799970149539E-01    0.641698991686339815E+00
    0.279622898098957386E-02    0.459287856194360984E+02    0.180179019466835177E+00    0.543076968309065891E-01    0.582718483059001646E+00
    0.277754539819481455E-02    0.459221938785452721E+02    0.313711416946620636E+00    0.447273509695812754E-01    0.564173154745604921E+00
    0.275510395545013401E-02    0.459184187027732378E+02    0.222877028505553201E-01    0.121286953690103963E+00    0.742705952181230367E+00
    0.280498196964965984E-02    0.458625348312674532E+02    0.961738345209005446E-01    0.604411146085399795E-01    0.632360796700287997E+00
    0.287827941553224151E-02    0.457909436723988392E+02    0.139063428270171430E+00    0.939994009724294255E-01    0.662881236095598458E+00
    0.284985287875029686E-02    0.457907943103966772E+02    0.197707263965390179E+00    0.283039384770175061E-01    0.577746652049357379E+00
    0.284672826072625198E-02    0.457729883409991771E+02    0.303984063388023307E+00    0.378698696029101251E-01    0.592857284050317790E+00
    0.301490252906233373E-02    0.456381940513359723E+02    0.297094027488787715E+00    0.297037228127381460E-01    0.535982400557130756E+00
    0.299773691761145034E-02    0.456296137669133941E+02    0.189252375588668698E+00    0.980466770515451974E-01    0.702839037460993299E+00
    0.305683416522258824E-02    0.455705694655473508E+02    0.269090111556305245E+00    0.237293679836268548E-01    0.569270409588096493E+00
    0.305555058889993292E-02    0.455514094495425752E+02    0.190821480672566407E+00    0.390695509901717933E-01    0.554836623213316393E+00
    0.318292455607461534E-02    0.454497281615612110E+02    0.126932765741568254E+00    0.710544064492523580E-01    0.618252866839753112E+00
    0.322187162097718792E-02    0.454054041744159349E+02    0.299126188206491006E+00    0.666758764475285743E-03    0.475725352780071609E+00
    0.327244896130227201E-02    0.453542518084315134E+02    0.231200814526236587E+00    0.702136951131120263E-01    0.617198006874682403E+00
    0.328632422900901116E-02    0.453257896841874981E+02    0.161187871757964118E+00    0.380302388184214704E-01    0.554040807792587020E+00
    0.329853483229719958E-02    0.452983722939774225E+02    0.437025689948047497E-01    0.129399908339115993E+00    0.744166299535180986E+00
    0.343777830875113778E-02    0.451956782087883084E+02    0.230578973236754164E+00    0.584250336814140028E-01    0.594384110006329847E+00
    0.344623299783869625E-02    0.451707655536737320E+02    0.303620381779413195E+00    0.355779640151633672E-01    0.586140202583920189E+00
    0.343958829759882182E-02    0.451546254867258767E+02    0.254193331949664814E+00    0.559777670096395230E-01    0.589378833153721304E+00
    0.345203233554168716E-02    0.451274027725750102E+02    0.206223556549776588E+00    0.576014193653758347E-01    0.592897347938717512E+00
    0.346397526556245115E-02    0.451004953528143915E+02    0.199078851647114669E+00    0.972990429157448988E-01    0.673512564329400210E+00
    0.347781120917023184E-02    0.450725227872624146E+02    0.275086480523538179E+00    0.108598426299808034E-01    0.542828315030209785E+00
    0.344572053314488825E-02    0.450710629815031325E+02    0.178769981649163329E+00    0.104392645807197232E+00    0.710817028021340946E+00
    0.341594164711595417E-02    0.450684226662018546E+02    0.290697458995960334E+00    0.454642814310092028E-01    0.569144502392543661E+00
    0.345320682784862939E-02    0.450267224240509449E+02    0.443917596405463202E-01    0.108885773727515192E+00    0.714807009075410948E+00
    0.343605640251637163E-02    0.450166802150006333E+02    0.380276632842621587E+00    0.183628018543792286E-01    0.558480804328247871E+00
    0.343934174474465554E-02    0.449947688537046133E+02    0.339377220740255392E-01    0.216257484187271261E-01    0.527998828795430697E+00
    0.342797689592731075E-02    0.449813885315073776E+02    0.181909077337679581E+00    0.108590054792249049E+00    0.698640577523511830E+00
    0.346328226921037473E-02    0.449408955090672180E+02    0.195444095871351115E+00    0.427839144141017869E-01    0.564919795736129604E+00
    0.344162461791366068E-02    0.449334417882126900E+02    0.241790409461796113E+00    0.301672120001433772E-01    0.573863666450515675E+00
    0.344438427629532775E-02    0.449118387356626272E+02    0.151920535045585003E+00    0.349644104367719810E-01    0.550596597384244490E+00
    0.342075610889891165E-02    0.449056058310860635E+02    0.383093151011315858E-01    0.678237119165846225E-01    0.617187308111091570E+00
    0.345730442549619776E-02    0.448643506179847691E+02    0.140749284396617019E+00    0.333756989993225020E-01    0.548037042976387667E+00
    0.352329624806835577E-02    0.448065350822317896E+02    0.192665935507231961E+00    0.745629395862823091E-01    0.628164390961969743E+00
    0.351445165557238764E-02    0.447915620296436146E+02    0.230994462966918945E+00    0.727958395331995689E-01    0.625367403181443016E+00
    0.357726754965227017E-02    0.447361305439133048E+02    0.923520121440884884E-01    0.151767921337017577E-02    0.482278023753643370E+00
    0.357736762569137471E-02    0.447160745935892692E+02    0.103501969100057920E+00    0.101027122138889036E+00    0.684447760597235333E+00
    0.361876416662866443E-02    0.446730638990774196E+02    0.327434565071939854E+00    0.364122849121622863E-01    0.585638581130671354E+00
    0.361198262575834024E-02    0.446568154025131889E+02    0.978798191495325598E-01    0.577244991121477410E-01    0.620386818342291813E+00
    0.369235880881994523E-02    0.445927980584988291E+02    0.298528802408339178E+00    0.102180503353188987E-01    0.496799617576714314E+00
    0.366280960562903124E-02    0.445888680438496294E+02    0.266274500222230884E-01    0.883512396559566759E-01    0.661494657686602761E+00
    0.366750249578984017E-02    0.445663072302105547E+02    0.296814446717671765E+00    0.179464119364478175E-01    0.517612770967087577E+00
    0.364890879691894118E-02    0.445564727270131016E+02    0.173190414905548096E+00    0.912307110555836687E-01    0.682808510321927020E+00
    0.364731477504447697E-02    0.445373466157496978E+02    0.319842183970607485E+00    0.421393438534294409E-01    0.595585657393710832E+00
    0.361755658549117167E-02    0.445337314102008577E+02    0.222021346005052717E+00    0.602423693479436639E-01    0.601647840733892769E+00
    0.366459934995398305E-02    0.444878910303533530E+02    0.203191783934599968E+00    0.585443106304623304E-01    0.598483128838289247E+00
    0.368054602986092518E-02    0.444592068156035793E+02    0.282598954630910115E+00    0.477294785709808933E-01    0.605188134963093205E+00
    0.365214833237835967E-02    0.444546978959908756E+02    0.487033058071176861E+00    0.670740670370943183E-02    0.490954245590327853E+00
    0.362277333936496422E-02    0.444508493565758727E+02    0.263965769018227880E+00    0.168884494957210248E-02    0.481392629900706137E+00
    0.361380919836904813E-02    0.444358042620352762E+02    0.117191509018182510E+00    0.328126134313694653E-01    0.572225473151567465E+00
    0.362131171384706425E-02    0.444116564291196028E+02    0.336882568909497637E+00    0.228601837045835955E-01    0.564732121193572745E+00
    0.360495105597943713E-02    0.444007126654306603E+02    0.293442304711135082E+00    0.188430831051859399E-01    0.520180457654298878E+00
    0.357131193803448274E-02    0.443994630174521490E+02    0.155490336278385974E-01    0.626827134000300656E-01    0.623207713343129632E+00
    0.355781574659540332E-02    0.443870354488400380E+02    0.270361878847915904E+00    0.756305138309440877E-01    0.633319479035346022E+00
    0.354521297763513024E-02    0.443741325803169957E+02    0.180150750015900279E+00    0.410599129651329359E-01    0.564196025900187137E+00
    0.355698483897590959E-02    0.443475025920091639E+02    0.280437956534006105E+00    0.565766295421538251E-01    0.594384499864249571E+00
    0.352200860478055992E-02    0.443472661468650813E+02    0.116023953258233614E+00    0.871138016721291486E-01    0.673138769881998833E+00
    0.353060771858489846E-02    0.443223890245766370E+02    0.200538770015988826E+00    0.230556743495545641E-01    0.530188460266419082E+00
    0.350621806562910910E-02    0.443162530884998205E+02    0.279419074872518547E+00    0.670663638668222567E-01    0.615990080800329354E+00
    0.348195280766281723E-02    0.443101424772568180E+02    0.387108808699212215E-01    0.633048550589270925E-01    0.624260090991162309E+00
    0.346334461267192983E-02    0.443008595068614568E+02    0.273099084682426954E-01    0.426477337340463725E-01    0.573847440439879342E+00
    0.351282581025825222E-02    0.442524874778565618E+02    0.827034339847078220E-01    0.721005230811911091E-01    0.642604880627347552E+00
    0.348318201003442515E-02    0.442494365599033017E+02    0.336435768959644499E+00    0.340436820718177588E-01    0.550599116605421379E+00
    0.353008264405372347E-02    0.442026864881419215E+02    0.206443628050760775E+00    0.926386770282729838E-01    0.683692684694974906E+00
    0.349990705268062811E-02    0.441998562297791295E+02    0.880072595710270911E-01    0.418371639864718245E-01    0.569300464142744156E+00
    0.347959196157202489E-02    0.441914989843307922E+02    0.293834181266918348E+00    0.800081094038462663E-02    0.534396538571976665E+00
    0.353867034277341279E-02    0.441378269589091587E+02    0.971034213468650875E-01    0.626397640855242549E-01    0.626244882683217652E+00
    0.351585249058474630E-02    0.441307650029422120E+02    0.104739291249445088E+00    0.677301102064487848E-01    0.634890649255025030E+00
    0.348848737683007644E-02    0.441263926015482184E+02    0.151238408682587311E+00    0.738069508189246187E-01    0.632059335857730331E+00
    0.345564427161124338E-02    0.441253112233586080E+02    0.170291080980264214E+00    0.673477380404233772E-01    0.636585590107476729E+00
    0.342892111448325461E-02    0.441208377176784552E+02    0.860050197038030179E-01    0.296891439820385593E-01    0.561292860861967613E+00
    0.342848573628955558E-02    0.441010916785145355E+02    0.357052844390213786E+00    0.376567701769053506E-01    0.558624714396840805E+00
    0.340711913146068274E-02    0.440935948438262812E+02    0.158014565892179326E+00    0.921775917437049896E-01    0.676186432363766077E+00
    0.339460418104058602E-02    0.440809547224736207E+02    0.148270919287749076E+00    0.886903145170972879E-01    0.673431252005991299E+00
    0.336130925271599032E-02    0.440806679400619714E+02    0.650413307328264606E-01    0.802566915888622140E-01    0.652004994040880193E+00
    0.338727835872242380E-02    0.440452755434990877E+02    0.210292208704339845E+00    0.793079118729180244E-01    0.644713865982283529E+00
    0.336625392703016144E-02    0.440377279898467577E+02    0.248419399717167450E+00    0.765528873687123662E-01    0.637863975994178212E+00
    0.337053688642222115E-02    0.440151849630034349E+02    0.286425594074567080E+00    0.727701774348182284E-01    0.629876035109119270E+00
    0.338548554206350620E-02    0.439863343825355742E+02    0.142083845843986367E+00    0.702491606985106432E-01    0.639061937831865268E+00
    0.341189356028168567E-02    0.439507941864191025E+02    0.185409529117072897E+00    0.737735113481929744E-01    0.647510185021380580E+00
    0.338484303223396009E-02    0.439467139858735436E+02    0.199436240957526323E+00    0.289070840973824003E-01    0.564253698366145251E+00
    0.338573120477016600E-02    0.439261892607851223E+02    0.327877790157030169E+00    0.147716980703475106E-01    0.508193969829913494E+00
    0.340487698749423031E-02    0.438949114294545097E+02    0.243195802733148947E+00    0.259824184533996513E-01    0.559614485739262979E+00
    0.340472244564877548E-02    0.438750022082716669E+02    0.100924865774834810E+00    0.406495510612862113E-01    0.580283693475740714E+00
    0.342817329286520351E-02    0.438412739500396356E+02    0.144749231120070487E+00    0.472283119217168784E-01    0.582136455750387305E+00
    0.339786758514689247E-02    0.438390329452651031E+02    0.274056123766937110E+00    0.452285039278397527E-01    0.596702780928458409E+00
    0.338520868650839463E-02    0.438264979436393105E+02    0.128835296123011228E+00    0.348855803820543181E-01    0.558945016145631302E+00
    0.335722266331305247E-02    0.438231009655847856E+02    0.293136804308293197E+00    0.603825490784204721E-01    0.624703915776469110E+00
    0.332858741365847600E-02    0.438202330255277275E+02    0.218940237163340296E+00    0.555523018244205094E-01    0.597337448195802923E+00
    0.330745898241219553E-02    0.438129686222247301E+02    0.262023066876474475E+00    0.787560564142486819E-01    0.646655618394344156E+00
    0.328397145048425418E-02    0.438072220572435072E+02    0.414244057895056805E+00    0.131004883025966912E-01    0.544387271280997287E+00
    0.329217295091927724E-02    0.437822334169785563E+02    0.290074964358434995E+00    0.343543219695730886E-01    0.576071173736093511E+00
    0.326438703547478511E-02    0.437791850390764239E+02    0.221358608559814318E+00    0.566254541749768789E-01    0.599854329971803546E+00
    0.329667929089844623E-02    0.437394976806066325E+02    0.287639403585659759E+00    0.603077214186629740E-01    0.606570495301822721E+00
    0.330696300090567137E-02    0.437132685616653589E+02    0.309966464922358020E+00    0.325465313424404823E-01    0.551258980680136013E+00
    0.328313132513245601E-02    0.437077337747451793E+02    0.232823199163729316E+00    0.433960093556373105E-01    0.590753007967966370E+00
    0.325711061646335792E-02    0.437036480765069655E+02    0.193001104982995469E+00    0.682686535559640095E-01    0.634217835902787019E+00
    0.322568268007178199E-02    0.437030398301325249E+02    0.319371585514587775E+00    0.629219468727424125E-01    0.612830774772403886E+00
    0.320732255413714055E-02    0.436944560656976364E+02    0.278667287377477146E+00    0.345943263862657224E-01    0.555213518991893418E+00
    0.319574429507516779E-02    0.436816890195017322E+02    0.119152693266303566E+00    0.286318792219423975E-01    0.549578309933716924E+00
    0.316733252454830293E-02    0.436795495358215931E+02    0.228097071501899035E+00    0.747454424168114973E-01    0.646145699131159601E+00
    0.313854643592908133E-02    0.436778095048179011E+02    0.155979716281530345E+00    0.541239493492247439E-01    0.607617018421673927E+00
    0.315576304261160198E-02    0.436468684160914790E+02    0.156355272986129723E+00    0.632927348188062483E-01    0.623233872129924760E+00
    0.313009143155654852E-02    0.436432046223400221E+02    0.350721722361185484E+00    0.428647816010257893E-01    0.572036320411263288E+00
    0.310565157724786243E-02    0.436388819710799680E+02    0.370111049252834667E+00    0.297431004123555054E-01    0.567755215854511386E+00
    0.309454288539396652E-02    0.436260486519364576E+02    0.271267102882308153E+00    0.765990958584177040E-01    0.646918353437228255E+00
    0.307528055924361421E-02    0.436185367815609197E+02    0.276178049364603773E+00    0.687730421790777730E-01    0.637596223521441852E+00
    0.305894558727437494E-02    0.436091884987885123E+02    0.142061362272682845E+00    0.451232107787712874E-01    0.589729689241802024E+00
    0.303024547826701365E-02    0.436080417889719456E+02    0.214705616842226443E+00    0.538946869374262658E-01    0.594954516349270435E+00
    0.301913481546696102E-02    0.435953884425158549E+02    0.177637612980646453E+00    0.588064266192393423E-01    0.606920686232047757E+00
    0.302550354616438946E-02    0.435711739749675644E+02    0.322504939910406629E+00    0.312603462216735836E-01    0.569510195904261551E+00
    0.300338575648897814E-02    0.435658485777295255E+02    0.266348830271233183E+00    0.494578984481742479E-01    0.601757353835413511E+00
    0.297750909756764291E-02    0.435631548979487206E+02    0.210859177605332793E+00    0.677821501135622978E-01    0.630922220014821455E+00
    0.295323692329777562E-02    0.435595253914417526E+02    0.144441613169124683E+00    0.277662545695534467E-01    0.554275874715295935E+00
    0.293871000534977030E-02    0.435493876305692993E+02    0.145040074177011813E+00    0.178544536830460392E-01    0.547098900832458601E+00
    0.294229376069087391E-02    0.435269501175682763E+02    0.353295221384489544E+00    0.478630092872181761E-02    0.490357215549740266E+00
    0.294909772482785390E-02    0.435023305181553042E+02    0.151229527329930002E+00    0.137688478438874936E-02    0.487149738031080637E+00
    0.291999218769915195E-02    0.435021671716484661E+02    0.286103464518059902E+00    0.337766072796071223E-01    0.572736285745759632E+00
    0.289581230384314747E-02    0.434987977328822808E+02    0.242346184580806645E+00    0.593324658932374849E-01    0.607144591795546917E+00
    0.287021944062678747E-02    0.434965520793160749E+02    0.239342717100516661E+00    0.660726821572906464E-01    0.629354899137058665E+00
    0.285142729722978822E-02    0.434896897033814867E+02    0.184829726610367895E+00    0.245770889808177156E-01    0.550473767406427061E+00
    0.283596369135692564E-02    0.434805654416659308E+02    0.421233101739388216E+00    0.181500689017745666E-01    0.552715368634273618E+00
    0.282030186391465845E-02    0.434716412069855096E+02    0.333351467274418001E+00    0.188486731224766085E-01    0.525787508855560470E+00
    0.281446118044071216E-02    0.434557873870606954E+02    0.329790104813938334E+00    0.415068243756272562E-01    0.587652580020563642E+00
    0.278871570806845433E-02    0.434541667129808502E+02    0.164568561465198132E+00    0.256322110799575391E-01    0.562638278214623644E+00
    0.277591686768104487E-02    0.434433668625199516E+02    0.125741470552927614E+00    0.157640514005008489E-01    0.541610777937687971E+00
    0.276048753370411503E-02    0.434345144397586864E+02    0.249871249584433380E+00    0.139116818347458059E-01    0.541906666271132709E+00
    0.274575422651792940E-02    0.434252174513513864E+02    0.247403135658339962E+00    0.303013509448792108E-01    0.550092417597055738E+00
    0.275422669167157659E-02    0.433990556322604562E+02    0.429959418038212138E+00    0.230256707354371433E-01    0.534425040178274191E+00
    0.275280093075202029E-02    0.433800912260865061E+02    0.271923063693879974E+00    0.100568750738607906E-01    0.534585645444289659E+00
    0.274594480873996448E-02    0.433650786365905105E+02    0.364473720667235157E+00    0.384588062325991950E-01    0.581829166154487543E+00
    0.272363159419411038E-02    0.433613967838731469E+02    0.269523722705872826E+00    0.497206322134831416E-01    0.588920996016183862E+00
    0.271236690643588459E-02    0.433496857514886642E+02    0.213072072265358153E+00    0.392714892660985665E-01    0.570356549300826243E+00
    0.269655582521352967E-02    0.433413783764649452E+02    0.123897059744425775E+00    0.227257624404864043E-01    0.554590474571411640E+00
    0.268798554306581708E-02    0.433277449646652713E+02    0.825577881645226108E-01    0.225710602706415721E-01    0.552262391139720421E+00
    0.267031182799055402E-02    0.433209385431059673E+02    0.964559321153325294E-01    0.247718329662731038E-01    0.557303461601097117E+00
    0.264728890830335031E-02    0.433182569276081040E+02    0.246834154434620118E+00    0.481656558113232741E-01    0.586761439741583679E+00
    0.262214191177869739E-02    0.433173460385861517E+02    0.301784648253681398E+00    0.280246218191863503E-01    0.545554438214520876E+00
    0.260248744977234709E-02    0.433123936550674671E+02    0.305910539755421484E+00    0.264227956205034947E-01    0.542610057582596728E+00
    0.260166521351702434E-02    0.432930256398037727E+02    0.608748079748270554E-01    0.173593624009450928E-01    0.521385132000518281E+00
    0.257830203173544433E-02    0.432910669432338864E+02    0.305872287551570365E+00    0.293850517495184739E-01    0.562533231476416318E+00
    0.255271225526034493E-02    0.432910162064484894E+02    0.237382667067222608E+00    0.427567372091049447E-01    0.577597277750414362E+00
    0.253049623584539890E-02    0.432884982049972677E+02    0.414989027766214713E+00    0.161361647526111068E-01    0.547971340267459972E+00
    0.252892432435087135E-02    0.432697409651326552E+02    0.342162878356191913E+00    0.249420636275887869E-01    0.539307599858592890E+00
    0.251800657417488531E-02    0.432583939603298404E+02    0.101609143075940891E+00    0.141848836001081495E-01    0.513567427999562676E+00
    0.250027270563238889E-02    0.432525294369545463E+02    0.151369601403726323E+00    0.120759231943946728E-01    0.533865717597417855E+00
    0.248637417348182175E-02    0.432436780652625430E+02    0.243265811692555012E+00    0.326505345575611519E-01    0.557515014305384971E+00
    0.247143121224582471E-02    0.432357342113374443E+02    0.253471947571643430E+00    0.267490390017487457E-01    0.544835170505744371E+00
    0.245746097664732537E-02    0.432270716660624430E+02    0.220027846148491191E+00    0.380910526780159284E-01    0.573678894690757168E+00
    0.243703934018038668E-02    0.432237612185400621E+02    0.361835533635207929E+00    0.438139138383094387E-01    0.577480578441327719E+00
    0.242231953015068944E-02    0.432158779240108970E+02    0.232083204576602614E+00    0.260745188748245683E-01    0.544663450654818138E+00
    0.250252931682993585E-02    0.431307251589995531E+02    0.376156677070607182E+00    0.338639622485029379E-01    0.558252015427937232E+00
    0.248335114876318099E-02    0.431261112179182646E+02    0.294232015719786244E+00    0.454356196231259571E-01    0.583875327003026579E+00
    0.246066078820753216E-02    0.431244691993772449E+02    0.122009584836730328E+00    0.428724508229216209E-02    0.515910312152182193E+00
    0.244310892475238994E-02    0.431187862978023304E+02    0.359332649240845181E+00    0.365007535100232150E-01    0.564634699056734024E+00
    0.243991646091832074E-02    0.431014014505298064E+02    0.388496376635406482E+00    0.271213500229494954E-01    0.558437625037559449E+00
    0.241845546623941027E-02    0.430990708546758015E+02    0.472546627405115882E+00    0.287434368272589634E-02    0.488786127991570951E+00
    0.242096943142927536E-02    0.430769929504048150E+02    0.386745525953860858E+00    0.294897334632223604E-01    0.562601042064443502E+00
    0.246739520280783156E-02    0.430190030124632585E+02    0.341978936024434410E+00    0.419814903108342158E-01    0.580652922281738926E+00
    0.244852655871846854E-02    0.430143561752394135E+02    0.316034678010001069E+00    0.419885085837287050E-01    0.580621482427970625E+00
    0.242596119709530917E-02    0.430128734217270221E+02    0.336270606469906419E+00    0.365350533244150621E-01    0.567393225331895623E+00
    0.240192912241914570E-02    0.430127846223369943E+02    0.230360554768043596E+00    0.253793866332860489E-01    0.561672389281192230E+00
    0.238631738966041179E-02    0.430058263803495038E+02    0.307854868070773002E+00    0.438682882756280951E-01    0.583616414321538879E+00
    0.236809615688982934E-02    0.430011564073266754E+02    0.316033118387358924E+00    0.364904904608136654E-01    0.568969754138018979E+00
    0.234620635873222490E-02    0.429997296366871069E+02    0.117003179533977764E+00    0.120774361217625050E-01    0.511651064661837851E+00
    0.232588833191069459E-02    0.429971249646963543E+02    0.412106985975691953E+00    0.229620947265566158E-01    0.549871531744680841E+00
    0.232105545896245727E-02    0.429812850104452764E+02    0.300306150068231026E+00    0.227557736287485810E-01    0.543106938667720751E+00
    0.231794915241827692E-02    0.429639634358995863E+02    0.640670595251520980E-01    0.167676004575525897E-02    0.498715509699768633E+00
    0.230623662955779189E-02    0.429540949906943297E+02    0.446016849745218158E+00    0.106200985144061268E-01    0.504307389663236516E+00
    0.228991079810135847E-02    0.429483033252840869E+02    0.412100409728579087E+00    0.610385308423987225E-02    0.527180987207237051E+00
    0.230298067443150374E-02    0.429169205946553802E+02    0.355156906199691980E+00    0.361813946284975929E-01    0.568758968326051106E+00
    0.232761183500867878E-02    0.428756434964552682E+02    0.359925457470498644E+00    0.960818430618958289E-02    0.532977951441790165E+00
    0.230817185845085026E-02    0.428724174374291351E+02    0.385934228922083511E+00    0.289125280709730224E-01    0.552409948539151374E+00
    0.229686455389509258E-02    0.428622391424213447E+02    0.406390068195502163E+00    0.284708328052292250E-01    0.555527758621395473E+00
    0.228498765003473875E-02    0.428526078142451752E+02    0.292108576107848683E+00    0.102477709796774952E-01    0.504559178490765037E+00
    0.231083196149995448E-02    0.428101138209378860E+02    0.333265298740765825E+00    0.229090164382790701E-01    0.557714524203239304E+00
    0.230026593101599012E-02    0.427992795764462244E+02    0.173700335258541894E+00    0.744462314249252129E-02    0.501769362964240573E+00
    0.228294899059241401E-02    0.427943930050112158E+02    0.977519113076212032E-01    0.172634701789327639E-01    0.523645760036880237E+00
    0.227190037330274710E-02    0.427840957530731885E+02    0.705358398400111053E-01    0.214179264483282464E-01    0.543192430219783473E+00
    0.227753416185557701E-02    0.427591423537976425E+02    0.358464836476403814E+00    0.246133205669788122E-01    0.561178492505790549E+00
    0.225560929320944414E-02    0.427584887873040316E+02    0.189711182555143021E+00    0.166494472317139687E-01    0.519160401822362783E+00
    0.223452535356147546E-02    0.427572713818292414E+02    0.271068547816241123E+00    0.108888110678923775E-01    0.532799940975935971E+00
    0.229841924137286300E-02    0.426808858527388111E+02    0.142551171579859665E+00    0.379090094366063860E-02    0.497678161341572001E+00
    0.227623013984939266E-02    0.426802877991526657E+02    0.190325468593125907E+00    0.217051428986205072E-02    0.493074742140972355E+00
    0.225500097519480561E-02    0.426790282424838097E+02    0.444931455065267323E+00    0.947532363650786455E-02    0.503535297961462791E+00
    0.224488651537482721E-02    0.426680191133664266E+02    0.413825747515483733E+00    0.152608308335075021E-01    0.543229841821746162E+00
    0.222963629512939370E-02    0.426616521016790102E+02    0.927102382379716705E-01    0.715538115097961048E-02    0.514291833612443128E+00
    0.222688137479529766E-02    0.426441248132346118E+02    0.162406605443747493E+00    0.376687035663238884E-02    0.497170140471088040E+00
    0.220662282383463602E-02    0.426424026278496058E+02    0.249822982613379763E+00    0.163075996411880982E-01    0.517886383115154447E+00
    0.226164046593703384E-02    0.425731482136072827E+02    0.435986751120991500E+00    0.159046609484930906E-01    0.516731909658192046E+00
    0.227596417529786184E-02    0.425405215014363876E+02    0.437685287234968357E+00    0.162712577678347271E-01    0.517665957425127443E+00
    0.225702698586109467E-02    0.425372321447468948E+02    0.218594040171794263E+00    0.135298492755751010E-01    0.534819979641211085E+00
    0.224259807978879682E-02    0.425300589517087246E+02    0.104506974556512727E+00    0.124017703824733025E-01    0.519149737975841186E+00
    0.225923036725426572E-02    0.424952806336652884E+02    0.180646855651501653E+00    0.101495415922018307E-01    0.525611942688708922E+00
    0.224543750099623308E-02    0.424875282929961031E+02    0.412875331286060576E+00    0.139691080269622198E-01    0.539766007128090752E+00
    0.225911052785410151E-02    0.424553867251736392E+02    0.291765295275783876E+00    0.120142688566132246E-01    0.510348298152859092E+00
    0.226645208379996736E-02    0.424288977530691227E+02    0.281874546491293843E+00    0.168038216593372827E-01    0.520222933285571898E+00
    0.226040215449861215E-02    0.424142435694659525E+02    0.143031920412496655E+00    0.929170781610210462E-05    0.497964772336030259E+00
    0.226021359618882277E-02    0.423944104124982459E+02    0.396434823869240616E+00    0.175770971549821624E-01    0.545768811042695257E+00
    0.227333518151882951E-02    0.423628330609672048E+02    0.380080549875682239E+00    0.768329596312806486E-02    0.526447791612977389E+00
    0.225741210660039592E-02    0.423568909101152258E+02    0.159173113070631284E+00    0.113174698328436449E-01    0.525431597680160234E+00
    0.225366250557006110E-02    0.423402157071679994E+02    0.334564277089464401E+00    0.173070560330329387E-01    0.520900798693178291E+00
    0.224926861412495403E-02    0.423241188473430157E+02    0.418491740259759104E+00    0.189992001457915290E-01    0.548458730747349965E+00
    0.225521827482715259E-02    0.422988355249058259E+02    0.172437746455894353E+00    0.205567664429856453E-01    0.543862651503629557E+00
    0.223557161955939034E-02    0.422963351461964976E+02    0.484428966231674973E+00    0.243982154446711289E-02    0.492410716037615714E+00
    0.222549783867432042E-02    0.422853677766922829E+02    0.367259068740699579E+00    0.177923257490557839E-01    0.545150023293112129E+00
    0.225094895734939855E-02    0.422426252810646474E+02    0.415824919446978580E+00    0.178316438426041370E-01    0.545698771952630723E+00
    0.223102301985792688E-02    0.422404085861578551E+02    0.378234931001040664E+00    0.232261019040461737E-01    0.555559559046511775E+00
    0.263266978306354524E-02    0.419092988042141315E+02    0.237016703347259328E+00    0.508584097461997012E-02    0.510928254550506389E+00
    0.231660385589980760E-02    0.421650912041288848E+02    0.201266966124056729E+00    0.162324597799158154E-02    0.497731375116470309E+00
    0.251278626609340982E-02    0.420025113127915120E+02    0.208719705431536201E+00    0.728640930877209794E-02    0.513427175661449131E+00
    0.236147643847443292E-02    0.421267216541914422E+02    0.179763999788944862E+00    0.143603497166698794E-01    0.521604665595097217E+00
    0.229412339225671964E-02    0.421845941073138420E+02    0.169555724951061138E+00    0.102470481099211867E-01    0.515910724015782973E+00
    0.227691264756465410E-02    0.421996548732954579E+02    0.148417272449993282E+00    0.137742824237386922E-01    0.523005627168219522E+00
    0.271313745689928708E-02    0.418490843232714269E+02    0.247119801603574246E+00    0.973234276174701589E-02    0.514775059682617275E+00
    0.266082528791935190E-02    0.418880230535091869E+02    0.221585130312029921E+00    0.210167288103679725E-01    0.541142465010377882E+00
    0.263817574534086366E-02    0.419051203745862040E+02    0.211951618930473373E+00    0.180816742314080132E-01    0.533498086174891251E+00
    0.268502623723231373E-02    0.418699147207000806E+02    0.226935279059650108E+00    0.135340275288087387E-01    0.521323606372759207E+00
    0.240171886729884836E-02    0.420929263686550712E+02    0.225008040689814448E+00    0.184193617066606974E-01    0.540380600499007602E+00
    0.255687996214117854E-02    0.419677202192783625E+02    0.227890147757126654E+00    0.153656866952758212E-01    0.523672225933339397E+00
    0.233124606181657002E-02    0.421524898898737774E+02    0.181422825915747488E+00    0.162072089372332535E-01    0.532865356205242113E+00
    0.280369592103016461E-02    0.417834186829270493E+02    0.252153394563521427E+00    0.119072756176844818E-01    0.520256380129495710E+00
    0.259005241935316311E-02    0.419419394908102277E+02    0.202865378312023087E+00    0.118515421586385377E-01    0.520073420202203041E+00
    0.247088479563968740E-02    0.420361431133810584E+02    0.220384005745972472E+00    0.127349693922929538E-01    0.518351994814547967E+00
    0.256176094928175059E-02    0.419639059344285670E+02    0.229764133848309127E+00    0.196858513813803065E-01    0.531060805100509903E+00
    0.228952459148388339E-02    0.421886073320049491E+02    0.171385605005805852E+00    0.355485703042051878E-02    0.503650604332110619E+00
    0.234214664387720050E-02    0.421431599640445711E+02    0.362521168146355044E+00    0.285917860214870024E-02    0.515305174039753955E+00
    0.230537232852769764E-02    0.421748113316514264E+02    0.306802688355594211E+00    0.100467642079329401E-02    0.510251450028691433E+00
    0.291955653527548823E-02    0.417024322535573901E+02    0.273379012037792912E+00    0.256910782738471082E-02    0.503142946086448495E+00
    0.290999814697812456E-02    0.417089908312766511E+02    0.271899616097950769E+00    0.514141494131615650E-02    0.510505403847772765E+00
    0.286568007131590176E-02    0.417396843317176263E+02    0.265263984730556290E+00    0.323907055835790042E-02    0.506408590540985526E+00
    0.246814198770884405E-02    0.420383644483388252E+02    0.312426819479890483E+00    0.250212397592993819E-02    0.512202170883836905E+00
    0.273403153881216160E-02    0.418337411720656291E+02    0.335294900745010005E+00    0.237501097963123766E-03    0.506343254840389112E+00
    0.284229454443119716E-02    0.417560723917949872E+02    0.354602263455290723E+00    0.959720766708343684E-03    0.507784658045645543E+00
    0.233432710245062413E-02    0.421498483785537701E+02    0.287691251199466036E+00    0.721858902508541473E-02    0.521503823978744729E+00
    0.314813250534095495E-02    0.415516768769246028E+02    0.359320469531355546E+00    0.171631378267962783E-02    0.498424613287481388E+00
    0.232293603833204744E-02    0.421596318814301867E+02    0.323849787079036444E+00    0.217925441618755647E-02    0.493745048236729100E+00
    0.256790491239013499E-02    0.419591150055750859E+02    0.299909949238662432E+00    0.578349654581499471E-02    0.502604479490755707E+00
    0.274044818420073446E-02    0.418290527642886900E+02    0.309212615948555536E+00    0.131536787796817396E-01    0.530950123760941195E+00
    0.323232680803144101E-02    0.414988912163018995E+02    0.328004181385040283E+00    0.102102636167273886E-01    0.519432687862506626E+00
    0.305933927410866058E-02    0.416088977817773866E+02    0.327526193092062545E+00    0.105664723988461839E-01    0.523477920176333988E+00
    0.312472123013248599E-02    0.415666055743852212E+02    0.301995237279114925E+00    0.986268907324786871E-02    0.519120150420760762E+00
    0.238641357014031429E-02    0.421057124387873500E+02    0.304392479819355743E+00    0.123533160959327353E-01    0.531889902107454571E+00
    0.259028483816912351E-02    0.419417600285053140E+02    0.334307457504242511E+00    0.105970031684385502E-01    0.511135507422573299E+00
    0.319462791314658375E-02    0.415223544762113761E+02    0.316616313551913442E+00    0.100188512409805346E-01    0.518467584412711346E+00
    0.344755557835984324E-02    0.413699648162744325E+02    0.414387291091740273E+00    0.778203614827274997E-02    0.512977754894034077E+00
    0.234133030314804570E-02    0.421438571731878255E+02    0.400786888847825984E+00    0.774894925015120594E-02    0.525437549748382082E+00
    0.308865575544605992E-02    0.415898237887756750E+02    0.393203565754359219E+00    0.142295656167762772E-01    0.532640979016042349E+00
    0.331246949345605484E-02    0.414499077565940297E+02    0.384560031975145877E+00    0.111108051252183336E-01    0.523988201669630560E+00
    0.321745438017838033E-02    0.415081147566227173E+02    0.402450069817521294E+00    0.107099043001403719E-01    0.515692816105174368E+00
    0.336914433912470501E-02    0.414159781064472554E+02    0.397868690363322397E+00    0.965826433663553776E-03    0.503833331563979026E+00
    0.322479712058375495E-02    0.415035556402428938E+02    0.368435473903841348E+00    0.803137293737021113E-02    0.511474209176111416E+00
    0.248333222602935234E-02    0.420260931244304174E+02    0.358150522099770163E+00    0.159384789378208790E-01    0.520234352098734920E+00
    0.253284670466437899E-02    0.419866080202716603E+02    0.451742908104913132E+00    0.836229372497730196E-02    0.505735364351929895E+00
    0.229213252260844274E-02    0.421863304864521069E+02    0.454587739945760627E+00    0.117943459071312082E-01    0.511144566350756557E+00
    0.296619400421227648E-02    0.416707364181811499E+02    0.433940588928291238E+00    0.111047427124231074E-01    0.528400680796416333E+00
    0.232330634663073781E-02    0.421593130790356554E+02    0.442331577810106347E+00    0.147668643720573521E-02    0.514120959812876754E+00
    0.341757945654216607E-02    0.413874306415918909E+02    0.483952984981009859E+00    0.148272278536956312E-02    0.499384827897479122E+00
    0.312188722890491743E-02    0.415684203200607953E+02    0.469739589034419480E+00    0.497165636407934011E-02    0.503087420672481134E+00
    0.298533203551488730E-02    0.416578737694148913E+02    0.464798674113070631E+00    0.112783418925256661E-02    0.509488923858765541E+00
    0.297233288362246583E-02    0.416666014657171218E+02    0.466231455707654341E+00    0.180401151306276925E-02    0.510878333169428211E+00
    0.339684755331792244E-02    0.413996000974589151E+02    0.457005452607327056E+00    0.504869338115288523E-02    0.513435330617655006E+00
    0.334241631473332574E-02    0.414319077341854154E+02    0.368470651220089929E+00    0.121699621102630516E-01    0.523335708637902242E+00
    0.225765950042948688E-02    0.422166384053264210E+02    0.328584098372466049E+00    0.156635581825843098E-01    0.518850002187340897E+00
    0.265607199734433979E-02    0.418915990427271936E+02    0.417187543685586415E+00    0.326436772131344973E-02    0.515160127017039282E+00
    0.224749102067712181E-02    0.422256667358758477E+02    0.391628870988762201E+00    0.153546786855745694E-01    0.540458174428934734E+00
    0.338818801727483812E-02    0.414047051794616436E+02    0.395939845144994862E+00    0.187699505384959775E-01    0.536815166425031132E+00
    0.340336463933494163E-02    0.413957666358976439E+02    0.397617061015991258E+00    0.210207546794382236E-01    0.540659286334533418E+00
    0.286938817463936987E-02    0.417370980651337504E+02    0.411448260124642695E+00    0.183953268769265314E-01    0.542531000018256382E+00
    0.345883874041914233E-02    0.413634299029306476E+02    0.441902778797489015E+00    0.185782792611403867E-01    0.533817819232788149E+00
    0.303918095784638624E-02    0.416221196053754738E+02    0.422746451715978411E+00    0.186113603825941686E-01    0.541759389436585637E+00
    0.348924586321903160E-02    0.413459244644343471E+02    0.431154353633502851E+00    0.176050059851015003E-01    0.533057640232289409E+00
    0.330691063363999565E-02    0.414532668996050688E+02    0.455146085268606559E+00    0.153841871531305990E-01    0.525308764536083217E+00
    0.298178606432848931E-02    0.416602507772397530E+02    0.454835740135812072E+00    0.159777983702394343E-01    0.523980732093612511E+00
    0.327502785992964379E-02    0.414726429682889375E+02    0.358579807393558214E+00    0.187112186727078911E-01    0.533938764252526732E+00
    0.258255475403076440E-02    0.419477374726186554E+02    0.317126600422538374E+00    0.197409660719599471E-01    0.545492594844602885E+00
    0.304705645436686989E-02    0.416169436647194289E+02    0.409938547162591926E+00    0.123517548287209906E-01    0.529514250705754974E+00
    0.327317894595890611E-02    0.414737723852879299E+02    0.383919998856616207E+00    0.104717714880685781E-01    0.516221310767771002E+00
    0.349776873710297377E-02    0.413410451970512440E+02    0.454318621743303064E+00    0.107561263002658117E-01    0.522392674240436561E+00
    0.326520630824765883E-02    0.414786498229748304E+02    0.369860712330802643E+00    0.843392731768440214E-02    0.518899708320999187E+00
    0.314790404974602108E-02    0.415518220194078367E+02    0.371790452223703494E+00    0.688137476311475021E-02    0.517179360633636009E+00
    0.294820194067726840E-02    0.416829047743101455E+02    0.438306984782798725E+00    0.199675045563766978E-02    0.496272212906151866E+00
    0.266746732603315075E-02    0.418830368096705570E+02    0.446154317995375360E+00    0.132230405424662925E-01    0.534491462389131589E+00
    0.317602990351364836E-02    0.415340318024793760E+02    0.308246877816487075E+00    0.179715876859770050E-01    0.532031813477460314E+00
    0.245983241237462524E-02    0.420451092749431155E+02    0.428185427502081828E+00    0.744316467056257980E-02    0.524565306847950108E+00
    0.354241868502152635E-02    0.413156762436947247E+02    0.443932650451438426E+00    0.799640137693823777E-02    0.515193440354719145E+00
    0.230936109038106744E-02    0.421713539160352866E+02    0.476395932168034220E+00    0.983325670861600817E-02    0.507412795515569282E+00
    0.225892262529361421E-02    0.422155197497927475E+02    0.430340330643764868E+00    0.429761273911437314E-02    0.519690721490132179E+00
    0.312186238317654907E-02    0.415684362372451233E+02    0.341868983993012687E+00    0.194499158527707654E-01    0.532347235024578591E+00
    0.234476436383987755E-02    0.421409258953963217E+02    0.414158440308899145E+00    0.145222338208453768E-01    0.538609648081421200E+00
    0.351189158613697755E-02    0.413329861085976518E+02    0.457804126219496288E+00    0.165601769973378402E-02    0.501465367101148418E+00
    0.347832292964276582E-02    0.413521951983727831E+02    0.425283138646639802E+00    0.122461784057141549E-01    0.524042454876587405E+00
    0.329506012270342321E-02    0.414604468912175435E+02    0.401086084733724424E+00    0.221394150469484763E-02    0.507425175292649966E+00
    0.291345203978835314E-02    0.417066184279044592E+02    0.414979330666225499E+00    0.218035046969833786E-01    0.548742314856809021E+00
    0.296234578503159519E-02    0.416733328212469587E+02    0.277256988525420467E+00    0.140756071496343487E-01    0.528344778299745688E+00
    0.329899905324037082E-02    0.414580575095633321E+02    0.433069643991308428E+00    0.949481007804818360E-02    0.522487751566613423E+00
    0.336577278818924255E-02    0.414179805371547900E+02    0.421129572224645643E+00    0.266368965516190943E-02    0.501857011362781269E+00
    0.235417454830451128E-02    0.421329154085860864E+02    0.376984762366354142E+00    0.406740698325262946E-02    0.517873848251294122E+00
    0.343672986738711387E-02    0.413762549214604860E+02    0.423364683616968995E+00    0.136792482694638087E-01    0.523431005683384520E+00
    0.328036715439454594E-02    0.414693850131945965E+02    0.376867223848255439E+00    0.142156032082912612E-01    0.523317310542486869E+00
    0.288967782018983684E-02    0.417230056900750697E+02    0.354532214784382238E+00    0.265942814907490273E-02    0.510693154702058005E+00
    0.280050105317083010E-02    0.417856990226225662E+02    0.470088798786877260E+00    0.699975704749238817E-02    0.505000093638286129E+00
    0.232429836157256164E-02    0.421584592930369126E+02    0.268249028682422286E+00    0.865802766948415951E-02    0.506963146585102220E+00
    0.260275302524752214E-02    0.419321562386896858E+02    0.378631330290165047E+00    0.766562517296441679E-02    0.504956470220258136E+00
    0.323807487512294424E-02    0.414953377623526194E+02    0.338483031962532765E+00    0.841731058571673109E-02    0.513912972418893887E+00
    0.327515692868587081E-02    0.414725641498980622E+02    0.409658345144549685E+00    0.134597578148638484E-02    0.506289842572387849E+00
    0.317315663292745903E-02    0.415358419687208880E+02    0.405951852506530764E+00    0.554912258259253788E-03    0.505651500042644142E+00
    0.232510352593505963E-02    0.421577665894246820E+02    0.388928011339831570E+00    0.836114428091479754E-02    0.526561722238098939E+00
